 Fhndlr:   Program: KSTR, Version: LV-HLS 23 Oct 2003                TM: 15:26
           Slope & Madelung matrices, Lat= hex, Job=Co_1.70    15:26/14-Jan-26  

           JOB   : Co_1.70, cmode = KSTR
           FOR001: ./Co_1.70.tfm
           FOR002: ./Co_1.70.tfh
           FOR003: ./Co_1.70.mdl
           FOR006: Co_1.70.prn
           FOR050: Co_1.70.log

 Input:    MODE  =  B STORE =  Y NPRN  =  1

           NL   =  3 NLH  =  9 NLW  =  9 NDER =  6

           DMAX    =  3.000000 DWATS  =  0.100000

           (K*W)^2 =  0.000000 ITRANS = 3

 Primv:    Special choice of primitive vectors, lattice= hex

           A     =  1.000000 B     =  1.000000 C     =  1.700000
           Alpha =    90.000 Beta  =    90.000 Gamma =   120.000

           Primitive vectors for  hex lattice in
           units of the lattice spacing a:

           (   1.00000,   0.00000,   0.00000 )
           (  -0.50000,   0.86603,   0.00000 )
           (   0.00000,   0.00000,   1.70000 )

           Basis vectors:            NQ3 =   2

           (   0.00000,   0.00000,   0.00000 )
           (  -0.50000,   0.28868,  -0.85000 )


 Primkr:   Wigner Seitz radius:  0.560128 VOL   =  1.472243


           Primitive vectors of reciprocal space
           in units of 2*pi/a

           (   1.00000,   0.57735,   0.00000  )
           (   0.00000,   1.15470,   0.00000  )
           (   0.00000,   0.00000,   0.58824  )

 Set3d:    Basis vectors in 3D cell are set.

 Latt3d:   Generate lattice vectors, NGHBP = 13
 
           Shells of neighbours around

           IQ =  1                      QP =  0.000  0.000  0.000


           IS IN  IR JQ     D          RPX       RPY       RPZ
 
            1  1   1  1  0.000000    0.000000  0.000000  0.000000
 
            2  1   2  1  1.000000    0.500000 -0.866025  0.000000
            2  2   3  1  1.000000   -0.500000 -0.866025  0.000000
            2  3   4  1  1.000000   -0.500000  0.866025  0.000000
            2  4   5  1  1.000000    0.500000  0.866025  0.000000
            2  5   6  1  1.000000    1.000000  0.000000  0.000000
            2  6   7  1  1.000000   -1.000000  0.000000  0.000000
 
            3  1   8  2  1.027538    0.000000 -0.577350 -0.850000
            3  2   9  2  1.027538    0.000000 -0.577350  0.850000
            3  3  10  2  1.027538   -0.500000  0.288675 -0.850000
            3  4  11  2  1.027538    0.500000  0.288675  0.850000
            3  5  12  2  1.027538    0.500000  0.288675 -0.850000
            3  6  13  2  1.027538   -0.500000  0.288675  0.850000
 
            4  1  14  2  1.433818    1.000000 -0.577350 -0.850000
            4  2  15  2  1.433818   -1.000000 -0.577350 -0.850000
            4  3  16  2  1.433818   -1.000000 -0.577350  0.850000
            4  4  17  2  1.433818    1.000000 -0.577350  0.850000
            4  5  18  2  1.433818    0.000000  1.154701  0.850000
            4  6  19  2  1.433818    0.000000  1.154701 -0.850000
 
            5  1  20  1  1.700000    0.000000  0.000000  1.700000
            5  2  21  1  1.700000    0.000000  0.000000 -1.700000
 
            6  1  22  1  1.732051    0.000000  1.732051  0.000000
            6  2  23  1  1.732051    0.000000 -1.732051  0.000000
            6  3  24  1  1.732051   -1.500000 -0.866025  0.000000
            6  4  25  1  1.732051    1.500000 -0.866025  0.000000
            6  5  26  1  1.732051    1.500000  0.866025  0.000000
            6  6  27  1  1.732051   -1.500000  0.866025  0.000000
 
            7  1  28  2  1.748094    0.500000 -1.443376  0.850000
            7  2  29  2  1.748094   -0.500000 -1.443376 -0.850000
            7  3  30  2  1.748094    0.500000 -1.443376 -0.850000
            7  4  31  2  1.748094   -0.500000 -1.443376  0.850000
            7  5  32  2  1.748094   -1.500000  0.288675  0.850000
            7  6  33  2  1.748094   -1.500000  0.288675 -0.850000
            7  7  34  2  1.748094    1.500000  0.288675  0.850000
            7  8  35  2  1.748094    1.500000  0.288675 -0.850000
            7  9  36  2  1.748094   -1.000000  1.154701 -0.850000
            7 10  37  2  1.748094    1.000000  1.154701 -0.850000
            7 11  38  2  1.748094    1.000000  1.154701  0.850000
            7 12  39  2  1.748094   -1.000000  1.154701  0.850000
 
            8  1  40  1  1.972308    0.500000 -0.866025  1.700000
            8  2  41  1  1.972308   -0.500000 -0.866025  1.700000
            8  3  42  1  1.972308   -0.500000 -0.866025 -1.700000
            8  4  43  1  1.972308    0.500000  0.866025  1.700000
            8  5  44  1  1.972308    0.500000  0.866025 -1.700000
            8  6  45  1  1.972308    0.500000 -0.866025 -1.700000
            8  7  46  1  1.972308   -0.500000  0.866025  1.700000
            8  8  47  1  1.972308   -0.500000  0.866025 -1.700000
            8  9  48  1  1.972308    1.000000  0.000000  1.700000
            8 10  49  1  1.972308   -1.000000  0.000000  1.700000
            8 11  50  1  1.972308   -1.000000  0.000000 -1.700000
            8 12  51  1  1.972308    1.000000  0.000000 -1.700000
 
            9  1  52  1  2.000000   -1.000000 -1.732051  0.000000
            9  2  53  1  2.000000    1.000000 -1.732051  0.000000
            9  3  54  1  2.000000   -1.000000  1.732051  0.000000
            9  4  55  1  2.000000    1.000000  1.732051  0.000000
            9  5  56  1  2.000000    2.000000  0.000000  0.000000
            9  6  57  1  2.000000   -2.000000  0.000000  0.000000
 
           10  1  58  2  2.248518    1.500000 -1.443376  0.850000
           10  2  59  2  2.248518   -1.500000 -1.443376  0.850000
           10  3  60  2  2.248518    1.500000 -1.443376 -0.850000
           10  4  61  2  2.248518   -1.500000 -1.443376 -0.850000
           10  5  62  2  2.248518   -2.000000 -0.577350 -0.850000
           10  6  63  2  2.248518    2.000000 -0.577350 -0.850000
           10  7  64  2  2.248518   -2.000000 -0.577350  0.850000
           10  8  65  2  2.248518    2.000000 -0.577350  0.850000
           10  9  66  2  2.248518   -0.500000  2.020726  0.850000
           10 10  67  2  2.248518    0.500000  2.020726  0.850000
           10 11  68  2  2.248518    0.500000  2.020726 -0.850000
           10 12  69  2  2.248518   -0.500000  2.020726 -0.850000
 
           11  1  70  1  2.426932    0.000000  1.732051 -1.700000
           11  2  71  1  2.426932    0.000000 -1.732051  1.700000
           11  3  72  1  2.426932    0.000000 -1.732051 -1.700000
           11  4  73  1  2.426932    0.000000  1.732051  1.700000
           11  5  74  1  2.426932    1.500000  0.866025  1.700000
           11  6  75  1  2.426932    1.500000  0.866025 -1.700000
           11  7  76  1  2.426932   -1.500000  0.866025  1.700000
           11  8  77  1  2.426932   -1.500000  0.866025 -1.700000
           11  9  78  1  2.426932   -1.500000 -0.866025  1.700000
           11 10  79  1  2.426932    1.500000 -0.866025  1.700000
           11 11  80  1  2.426932   -1.500000 -0.866025 -1.700000
           11 12  81  1  2.426932    1.500000 -0.866025 -1.700000
 
           12  1  82  2  2.460860    0.000000 -2.309401  0.850000
           12  2  83  2  2.460860    0.000000 -2.309401 -0.850000
           12  3  84  2  2.460860    2.000000  1.154701 -0.850000
           12  4  85  2  2.460860   -2.000000  1.154701 -0.850000
           12  5  86  2  2.460860    2.000000  1.154701  0.850000
           12  6  87  2  2.460860   -2.000000  1.154701  0.850000
 
           13  1  88  2  2.614543    0.000000 -0.577350  2.550000
           13  2  89  2  2.614543    0.000000 -0.577350 -2.550000
           13  3  90  2  2.614543   -0.500000  0.288675 -2.550000
           13  4  91  2  2.614543   -0.500000  0.288675  2.550000
           13  5  92  2  2.614543    0.500000  0.288675  2.550000
           13  6  93  2  2.614543    0.500000  0.288675 -2.550000
 
           14  1  94  1  2.624881   -1.000000 -1.732051 -1.700000
           14  2  95  1  2.624881   -1.000000 -1.732051  1.700000
           14  3  96  1  2.624881    1.000000  1.732051 -1.700000
           14  4  97  1  2.624881    1.000000  1.732051  1.700000
           14  5  98  1  2.624881   -1.000000  1.732051  1.700000
           14  6  99  1  2.624881    1.000000 -1.732051 -1.700000
           14  7 100  1  2.624881   -1.000000  1.732051 -1.700000
           14  8 101  1  2.624881    1.000000 -1.732051  1.700000
           14  9 102  1  2.624881   -2.000000  0.000000  1.700000
           14 10 103  1  2.624881   -2.000000  0.000000 -1.700000
           14 11 104  1  2.624881    2.000000  0.000000  1.700000
           14 12 105  1  2.624881    2.000000  0.000000 -1.700000
 
           15  1 106  1  2.645751    0.500000  2.598076  0.000000
           15  2 107  1  2.645751    0.500000 -2.598076  0.000000
           15  3 108  1  2.645751   -0.500000 -2.598076  0.000000
           15  4 109  1  2.645751   -0.500000  2.598076  0.000000
           15  5 110  1  2.645751   -2.000000 -1.732051  0.000000
           15  6 111  1  2.645751    2.000000 -1.732051  0.000000
           15  7 112  1  2.645751   -2.000000  1.732051  0.000000
           15  8 113  1  2.645751    2.000000  1.732051  0.000000
           15  9 114  1  2.645751    2.500000  0.866025  0.000000
           15 10 115  1  2.645751   -2.500000  0.866025  0.000000
           15 11 116  1  2.645751   -2.500000 -0.866025  0.000000
           15 12 117  1  2.645751    2.500000 -0.866025  0.000000
 
           16  1 118  2  2.656282   -1.000000 -2.309401  0.850000
           16  2 119  2  2.656282   -1.000000 -2.309401 -0.850000
           16  3 120  2  2.656282    1.000000 -2.309401 -0.850000
           16  4 121  2  2.656282    1.000000 -2.309401  0.850000
           16  5 122  2  2.656282   -1.500000  2.020726 -0.850000
           16  6 123  2  2.656282    1.500000  2.020726 -0.850000
           16  7 124  2  2.656282   -1.500000  2.020726  0.850000
           16  8 125  2  2.656282    1.500000  2.020726  0.850000
           16  9 126  2  2.656282    2.500000  0.288675 -0.850000
           16 10 127  2  2.656282    2.500000  0.288675  0.850000
           16 11 128  2  2.656282   -2.500000  0.288675 -0.850000
           16 12 129  2  2.656282   -2.500000  0.288675  0.850000
 
           17  1 130  2  2.799256   -1.000000 -0.577350  2.550000
           17  2 131  2  2.799256    1.000000 -0.577350 -2.550000
           17  3 132  2  2.799256    1.000000 -0.577350  2.550000
           17  4 133  2  2.799256   -1.000000 -0.577350 -2.550000
           17  5 134  2  2.799256    0.000000  1.154701 -2.550000
           17  6 135  2  2.799256    0.000000  1.154701  2.550000
 
           18  1 136  2  2.972513   -0.500000 -1.443376 -2.550000
           18  2 137  2  2.972513   -0.500000 -1.443376  2.550000
           18  3 138  2  2.972513    0.500000 -1.443376 -2.550000
           18  4 139  2  2.972513    0.500000 -1.443376  2.550000
           18  5 140  2  2.972513    1.500000  0.288675 -2.550000
           18  6 141  2  2.972513    1.500000  0.288675  2.550000
           18  7 142  2  2.972513   -1.500000  0.288675  2.550000
           18  8 143  2  2.972513   -1.500000  0.288675 -2.550000
           18  9 144  2  2.972513   -1.000000  1.154701 -2.550000
           18 10 145  2  2.972513   -1.000000  1.154701  2.550000
           18 11 146  2  2.972513    1.000000  1.154701  2.550000
           18 12 147  2  2.972513    1.000000  1.154701 -2.550000
 
           19  1 148  1  3.000000    1.500000  2.598076  0.000000
           19  2 149  1  3.000000   -1.500000  2.598076  0.000000
           19  3 150  1  3.000000   -1.500000 -2.598076  0.000000
           19  4 151  1  3.000000    1.500000 -2.598076  0.000000
           19  5 152  1  3.000000   -3.000000  0.000000  0.000000
           19  6 153  1  3.000000    3.000000  0.000000  0.000000

           r_max: 3.00 Number of vectors:  153. Number of shells:  19
 
           Shells of neighbours around

           IQ =  2                      QP = -0.500  0.289 -0.850


           IS IN  IR JQ     D          RPX       RPY       RPZ
 
            1  1 154  2  0.000000    0.000000  0.000000  0.000000
 
            2  1 155  2  1.000000    0.500000 -0.866025  0.000000
            2  2 156  2  1.000000   -0.500000 -0.866025  0.000000
            2  3 157  2  1.000000    0.500000  0.866025  0.000000
            2  4 158  2  1.000000   -0.500000  0.866025  0.000000
            2  5 159  2  1.000000   -1.000000  0.000000  0.000000
            2  6 160  2  1.000000    1.000000  0.000000  0.000000
 
            3  1 161  1  1.027538    0.000000  0.577350 -0.850000
            3  2 162  1  1.027538    0.000000  0.577350  0.850000
            3  3 163  1  1.027538    0.500000 -0.288675  0.850000
            3  4 164  1  1.027538    0.500000 -0.288675 -0.850000
            3  5 165  1  1.027538   -0.500000 -0.288675  0.850000
            3  6 166  1  1.027538   -0.500000 -0.288675 -0.850000
 
            4  1 167  1  1.433818   -1.000000  0.577350  0.850000
            4  2 168  1  1.433818    1.000000  0.577350  0.850000
            4  3 169  1  1.433818    1.000000  0.577350 -0.850000
            4  4 170  1  1.433818   -1.000000  0.577350 -0.850000
            4  5 171  1  1.433818    0.000000 -1.154701 -0.850000
            4  6 172  1  1.433818    0.000000 -1.154701  0.850000
 
            5  1 173  2  1.700000    0.000000  0.000000  1.700000
            5  2 174  2  1.700000    0.000000  0.000000 -1.700000
 
            6  1 175  2  1.732051    0.000000 -1.732051  0.000000
            6  2 176  2  1.732051    0.000000  1.732051  0.000000
            6  3 177  2  1.732051   -1.500000 -0.866025  0.000000
            6  4 178  2  1.732051    1.500000 -0.866025  0.000000
            6  5 179  2  1.732051   -1.500000  0.866025  0.000000
            6  6 180  2  1.732051    1.500000  0.866025  0.000000
 
            7  1 181  1  1.748094    0.500000  1.443376 -0.850000
            7  2 182  1  1.748094   -0.500000  1.443376 -0.850000
            7  3 183  1  1.748094   -0.500000  1.443376  0.850000
            7  4 184  1  1.748094    0.500000  1.443376  0.850000
            7  5 185  1  1.748094    1.500000 -0.288675  0.850000
            7  6 186  1  1.748094    1.500000 -0.288675 -0.850000
            7  7 187  1  1.748094   -1.500000 -0.288675 -0.850000
            7  8 188  1  1.748094   -1.500000 -0.288675  0.850000
            7  9 189  1  1.748094   -1.000000 -1.154701  0.850000
            7 10 190  1  1.748094    1.000000 -1.154701  0.850000
            7 11 191  1  1.748094    1.000000 -1.154701 -0.850000
            7 12 192  1  1.748094   -1.000000 -1.154701 -0.850000
 
            8  1 193  2  1.972308    0.500000 -0.866025  1.700000
            8  2 194  2  1.972308   -0.500000 -0.866025  1.700000
            8  3 195  2  1.972308   -0.500000 -0.866025 -1.700000
            8  4 196  2  1.972308    0.500000  0.866025  1.700000
            8  5 197  2  1.972308    0.500000 -0.866025 -1.700000
            8  6 198  2  1.972308    0.500000  0.866025 -1.700000
            8  7 199  2  1.972308   -0.500000  0.866025  1.700000
            8  8 200  2  1.972308   -0.500000  0.866025 -1.700000
            8  9 201  2  1.972308   -1.000000  0.000000  1.700000
            8 10 202  2  1.972308   -1.000000  0.000000 -1.700000
            8 11 203  2  1.972308    1.000000  0.000000  1.700000
            8 12 204  2  1.972308    1.000000  0.000000 -1.700000
 
            9  1 205  2  2.000000    1.000000 -1.732051  0.000000
            9  2 206  2  2.000000   -1.000000 -1.732051  0.000000
            9  3 207  2  2.000000   -1.000000  1.732051  0.000000
            9  4 208  2  2.000000    1.000000  1.732051  0.000000
            9  5 209  2  2.000000   -2.000000  0.000000  0.000000
            9  6 210  2  2.000000    2.000000  0.000000  0.000000
 
           10  1 211  1  2.248518    1.500000  1.443376  0.850000
           10  2 212  1  2.248518   -1.500000  1.443376 -0.850000
           10  3 213  1  2.248518   -1.500000  1.443376  0.850000
           10  4 214  1  2.248518    1.500000  1.443376 -0.850000
           10  5 215  1  2.248518   -2.000000  0.577350  0.850000
           10  6 216  1  2.248518    2.000000  0.577350  0.850000
           10  7 217  1  2.248518    2.000000  0.577350 -0.850000
           10  8 218  1  2.248518   -2.000000  0.577350 -0.850000
           10  9 219  1  2.248518    0.500000 -2.020726  0.850000
           10 10 220  1  2.248518    0.500000 -2.020726 -0.850000
           10 11 221  1  2.248518   -0.500000 -2.020726 -0.850000
           10 12 222  1  2.248518   -0.500000 -2.020726  0.850000
 
           11  1 223  2  2.426932    0.000000  1.732051 -1.700000
           11  2 224  2  2.426932    0.000000 -1.732051 -1.700000
           11  3 225  2  2.426932    0.000000 -1.732051  1.700000
           11  4 226  2  2.426932    0.000000  1.732051  1.700000
           11  5 227  2  2.426932    1.500000  0.866025  1.700000
           11  6 228  2  2.426932    1.500000 -0.866025 -1.700000
           11  7 229  2  2.426932   -1.500000 -0.866025 -1.700000
           11  8 230  2  2.426932    1.500000 -0.866025  1.700000
           11  9 231  2  2.426932   -1.500000 -0.866025  1.700000
           11 10 232  2  2.426932   -1.500000  0.866025  1.700000
           11 11 233  2  2.426932   -1.500000  0.866025 -1.700000
           11 12 234  2  2.426932    1.500000  0.866025 -1.700000
 
           12  1 235  1  2.460860    0.000000  2.309401 -0.850000
           12  2 236  1  2.460860    0.000000  2.309401  0.850000
           12  3 237  1  2.460860   -2.000000 -1.154701  0.850000
           12  4 238  1  2.460860   -2.000000 -1.154701 -0.850000
           12  5 239  1  2.460860    2.000000 -1.154701 -0.850000
           12  6 240  1  2.460860    2.000000 -1.154701  0.850000
 
           13  1 241  1  2.614543    0.000000  0.577350  2.550000
           13  2 242  1  2.614543    0.000000  0.577350 -2.550000
           13  3 243  1  2.614543    0.500000 -0.288675 -2.550000
           13  4 244  1  2.614543   -0.500000 -0.288675  2.550000
           13  5 245  1  2.614543    0.500000 -0.288675  2.550000
           13  6 246  1  2.614543   -0.500000 -0.288675 -2.550000
 
           14  1 247  2  2.624881    1.000000  1.732051 -1.700000
           14  2 248  2  2.624881    1.000000 -1.732051 -1.700000
           14  3 249  2  2.624881   -1.000000 -1.732051 -1.700000
           14  4 250  2  2.624881   -1.000000  1.732051  1.700000
           14  5 251  2  2.624881    1.000000 -1.732051  1.700000
           14  6 252  2  2.624881   -1.000000 -1.732051  1.700000
           14  7 253  2  2.624881   -1.000000  1.732051 -1.700000
           14  8 254  2  2.624881    1.000000  1.732051  1.700000
           14  9 255  2  2.624881   -2.000000  0.000000 -1.700000
           14 10 256  2  2.624881    2.000000  0.000000  1.700000
           14 11 257  2  2.624881   -2.000000  0.000000  1.700000
           14 12 258  2  2.624881    2.000000  0.000000 -1.700000
 
           15  1 259  2  2.645751    0.500000  2.598076  0.000000
           15  2 260  2  2.645751   -0.500000 -2.598076  0.000000
           15  3 261  2  2.645751   -0.500000  2.598076  0.000000
           15  4 262  2  2.645751    0.500000 -2.598076  0.000000
           15  5 263  2  2.645751   -2.000000  1.732051  0.000000
           15  6 264  2  2.645751   -2.000000 -1.732051  0.000000
           15  7 265  2  2.645751    2.000000  1.732051  0.000000
           15  8 266  2  2.645751    2.000000 -1.732051  0.000000
           15  9 267  2  2.645751   -2.500000  0.866025  0.000000
           15 10 268  2  2.645751   -2.500000 -0.866025  0.000000
           15 11 269  2  2.645751    2.500000 -0.866025  0.000000
           15 12 270  2  2.645751    2.500000  0.866025  0.000000
 
           16  1 271  1  2.656282   -1.000000  2.309401 -0.850000
           16  2 272  1  2.656282   -1.000000  2.309401  0.850000
           16  3 273  1  2.656282    1.000000  2.309401 -0.850000
           16  4 274  1  2.656282    1.000000  2.309401  0.850000
           16  5 275  1  2.656282   -1.500000 -2.020726 -0.850000
           16  6 276  1  2.656282   -1.500000 -2.020726  0.850000
           16  7 277  1  2.656282    1.500000 -2.020726 -0.850000
           16  8 278  1  2.656282    1.500000 -2.020726  0.850000
           16  9 279  1  2.656282   -2.500000 -0.288675 -0.850000
           16 10 280  1  2.656282    2.500000 -0.288675  0.850000
           16 11 281  1  2.656282    2.500000 -0.288675 -0.850000
           16 12 282  1  2.656282   -2.500000 -0.288675  0.850000
 
           17  1 283  1  2.799256   -1.000000  0.577350  2.550000
           17  2 284  1  2.799256   -1.000000  0.577350 -2.550000
           17  3 285  1  2.799256    1.000000  0.577350 -2.550000
           17  4 286  1  2.799256    1.000000  0.577350  2.550000
           17  5 287  1  2.799256    0.000000 -1.154701  2.550000
           17  6 288  1  2.799256    0.000000 -1.154701 -2.550000
 
           18  1 289  1  2.972513   -0.500000  1.443376 -2.550000
           18  2 290  1  2.972513   -0.500000  1.443376  2.550000
           18  3 291  1  2.972513    0.500000  1.443376  2.550000
           18  4 292  1  2.972513    0.500000  1.443376 -2.550000
           18  5 293  1  2.972513   -1.500000 -0.288675 -2.550000
           18  6 294  1  2.972513   -1.500000 -0.288675  2.550000
           18  7 295  1  2.972513    1.500000 -0.288675 -2.550000
           18  8 296  1  2.972513    1.500000 -0.288675  2.550000
           18  9 297  1  2.972513   -1.000000 -1.154701  2.550000
           18 10 298  1  2.972513    1.000000 -1.154701 -2.550000
           18 11 299  1  2.972513    1.000000 -1.154701  2.550000
           18 12 300  1  2.972513   -1.000000 -1.154701 -2.550000
 
           19  1 301  2  3.000000    1.500000 -2.598076  0.000000
           19  2 302  2  3.000000   -1.500000  2.598076  0.000000
           19  3 303  2  3.000000    1.500000  2.598076  0.000000
           19  4 304  2  3.000000   -1.500000 -2.598076  0.000000
           19  5 305  2  3.000000   -3.000000  0.000000  0.000000
           19  6 306  2  3.000000    3.000000  0.000000  0.000000

           r_max: 3.00 Number of vectors:  306. Number of shells:  19
