 Fhndlr:   Program: KSTR, Version: LV-HLS 23 Oct 2003                TM: 15:26
           Slope & Madelung matrices, Lat= hex, Job=Co_1.60    15:26/14-Jan-26  

           JOB   : Co_1.60, cmode = KSTR
           FOR001: ./Co_1.60.tfm
           FOR002: ./Co_1.60.tfh
           FOR003: ./Co_1.60.mdl
           FOR006: Co_1.60.prn
           FOR050: Co_1.60.log

 Input:    MODE  =  B STORE =  Y NPRN  =  1

           NL   =  3 NLH  =  9 NLW  =  9 NDER =  6

           DMAX    =  3.000000 DWATS  =  0.100000

           (K*W)^2 =  0.000000 ITRANS = 3

 Primv:    Special choice of primitive vectors, lattice= hex

           A     =  1.000000 B     =  1.000000 C     =  1.600000
           Alpha =    90.000 Beta  =    90.000 Gamma =   120.000

           Primitive vectors for  hex lattice in
           units of the lattice spacing a:

           (   1.00000,   0.00000,   0.00000 )
           (  -0.50000,   0.86603,   0.00000 )
           (   0.00000,   0.00000,   1.60000 )

           Basis vectors:            NQ3 =   2

           (   0.00000,   0.00000,   0.00000 )
           (  -0.50000,   0.28868,  -0.80000 )


 Primkr:   Wigner Seitz radius:  0.548922 VOL   =  1.385641


           Primitive vectors of reciprocal space
           in units of 2*pi/a

           (   1.00000,   0.57735,   0.00000  )
           (   0.00000,   1.15470,   0.00000  )
           (   0.00000,   0.00000,   0.62500  )

 Set3d:    Basis vectors in 3D cell are set.

 Latt3d:   Generate lattice vectors, NGHBP = 13
 
           Shells of neighbours around

           IQ =  1                      QP =  0.000  0.000  0.000


           IS IN  IR JQ     D          RPX       RPY       RPZ
 
            1  1   1  1  0.000000    0.000000  0.000000  0.000000
 
            2  1   2  2  0.986577    0.000000 -0.577350 -0.800000
            2  2   3  2  0.986577    0.000000 -0.577350  0.800000
            2  3   4  2  0.986577   -0.500000  0.288675 -0.800000
            2  4   5  2  0.986577    0.500000  0.288675 -0.800000
            2  5   6  2  0.986577   -0.500000  0.288675  0.800000
            2  6   7  2  0.986577    0.500000  0.288675  0.800000
 
            3  1   8  1  1.000000    0.500000 -0.866025  0.000000
            3  2   9  1  1.000000   -0.500000  0.866025  0.000000
            3  3  10  1  1.000000   -0.500000 -0.866025  0.000000
            3  4  11  1  1.000000    0.500000  0.866025  0.000000
            3  5  12  1  1.000000   -1.000000  0.000000  0.000000
            3  6  13  1  1.000000    1.000000  0.000000  0.000000
 
            4  1  14  2  1.404754    1.000000 -0.577350 -0.800000
            4  2  15  2  1.404754   -1.000000 -0.577350 -0.800000
            4  3  16  2  1.404754   -1.000000 -0.577350  0.800000
            4  4  17  2  1.404754    1.000000 -0.577350  0.800000
            4  5  18  2  1.404754    0.000000  1.154701 -0.800000
            4  6  19  2  1.404754    0.000000  1.154701  0.800000
 
            5  1  20  1  1.600000    0.000000  0.000000 -1.600000
            5  2  21  1  1.600000    0.000000  0.000000  1.600000
 
            6  1  22  2  1.724336   -0.500000 -1.443376  0.800000
            6  2  23  2  1.724336   -0.500000 -1.443376 -0.800000
            6  3  24  2  1.724336    0.500000 -1.443376  0.800000
            6  4  25  2  1.724336    0.500000 -1.443376 -0.800000
            6  5  26  2  1.724336   -1.500000  0.288675 -0.800000
            6  6  27  2  1.724336   -1.500000  0.288675  0.800000
            6  7  28  2  1.724336    1.500000  0.288675 -0.800000
            6  8  29  2  1.724336    1.500000  0.288675  0.800000
            6  9  30  2  1.724336    1.000000  1.154701  0.800000
            6 10  31  2  1.724336   -1.000000  1.154701  0.800000
            6 11  32  2  1.724336    1.000000  1.154701 -0.800000
            6 12  33  2  1.724336   -1.000000  1.154701 -0.800000
 
            7  1  34  1  1.732051    0.000000  1.732051  0.000000
            7  2  35  1  1.732051    0.000000 -1.732051  0.000000
            7  3  36  1  1.732051   -1.500000 -0.866025  0.000000
            7  4  37  1  1.732051   -1.500000  0.866025  0.000000
            7  5  38  1  1.732051    1.500000  0.866025  0.000000
            7  6  39  1  1.732051    1.500000 -0.866025  0.000000
 
            8  1  40  1  1.886796   -0.500000 -0.866025  1.600000
            8  2  41  1  1.886796   -0.500000  0.866025 -1.600000
            8  3  42  1  1.886796    0.500000  0.866025  1.600000
            8  4  43  1  1.886796    0.500000 -0.866025 -1.600000
            8  5  44  1  1.886796    0.500000 -0.866025  1.600000
            8  6  45  1  1.886796    0.500000  0.866025 -1.600000
            8  7  46  1  1.886796   -0.500000 -0.866025 -1.600000
            8  8  47  1  1.886796   -0.500000  0.866025  1.600000
            8  9  48  1  1.886796   -1.000000  0.000000  1.600000
            8 10  49  1  1.886796    1.000000  0.000000  1.600000
            8 11  50  1  1.886796   -1.000000  0.000000 -1.600000
            8 12  51  1  1.886796    1.000000  0.000000 -1.600000
 
            9  1  52  1  2.000000    1.000000  1.732051  0.000000
            9  2  53  1  2.000000    1.000000 -1.732051  0.000000
            9  3  54  1  2.000000   -1.000000  1.732051  0.000000
            9  4  55  1  2.000000   -1.000000 -1.732051  0.000000
            9  5  56  1  2.000000   -2.000000  0.000000  0.000000
            9  6  57  1  2.000000    2.000000  0.000000  0.000000
 
           10  1  58  2  2.230097    1.500000 -1.443376 -0.800000
           10  2  59  2  2.230097    1.500000 -1.443376  0.800000
           10  3  60  2  2.230097   -1.500000 -1.443376 -0.800000
           10  4  61  2  2.230097   -1.500000 -1.443376  0.800000
           10  5  62  2  2.230097    2.000000 -0.577350  0.800000
           10  6  63  2  2.230097   -2.000000 -0.577350 -0.800000
           10  7  64  2  2.230097   -2.000000 -0.577350  0.800000
           10  8  65  2  2.230097    2.000000 -0.577350 -0.800000
           10  9  66  2  2.230097    0.500000  2.020726 -0.800000
           10 10  67  2  2.230097   -0.500000  2.020726 -0.800000
           10 11  68  2  2.230097    0.500000  2.020726  0.800000
           10 12  69  2  2.230097   -0.500000  2.020726  0.800000
 
           11  1  70  1  2.357965    0.000000 -1.732051  1.600000
           11  2  71  1  2.357965    0.000000 -1.732051 -1.600000
           11  3  72  1  2.357965    0.000000  1.732051  1.600000
           11  4  73  1  2.357965    0.000000  1.732051 -1.600000
           11  5  74  1  2.357965    1.500000  0.866025  1.600000
           11  6  75  1  2.357965    1.500000 -0.866025 -1.600000
           11  7  76  1  2.357965    1.500000  0.866025 -1.600000
           11  8  77  1  2.357965    1.500000 -0.866025  1.600000
           11  9  78  1  2.357965   -1.500000 -0.866025  1.600000
           11 10  79  1  2.357965   -1.500000 -0.866025 -1.600000
           11 11  80  1  2.357965   -1.500000  0.866025 -1.600000
           11 12  81  1  2.357965   -1.500000  0.866025  1.600000
 
           12  1  82  2  2.444040    0.000000 -2.309401 -0.800000
           12  2  83  2  2.444040    0.000000 -2.309401  0.800000
           12  3  84  2  2.444040   -2.000000  1.154701  0.800000
           12  4  85  2  2.444040    2.000000  1.154701 -0.800000
           12  5  86  2  2.444040    2.000000  1.154701  0.800000
           12  6  87  2  2.444040   -2.000000  1.154701 -0.800000
 
           13  1  88  2  2.468468    0.000000 -0.577350 -2.400000
           13  2  89  2  2.468468    0.000000 -0.577350  2.400000
           13  3  90  2  2.468468   -0.500000  0.288675 -2.400000
           13  4  91  2  2.468468    0.500000  0.288675 -2.400000
           13  5  92  2  2.468468    0.500000  0.288675  2.400000
           13  6  93  2  2.468468   -0.500000  0.288675  2.400000
 
           14  1  94  1  2.561250   -1.000000 -1.732051  1.600000
           14  2  95  1  2.561250    1.000000  1.732051 -1.600000
           14  3  96  1  2.561250    1.000000  1.732051  1.600000
           14  4  97  1  2.561250    1.000000 -1.732051 -1.600000
           14  5  98  1  2.561250   -1.000000  1.732051  1.600000
           14  6  99  1  2.561250   -1.000000 -1.732051 -1.600000
           14  7 100  1  2.561250   -1.000000  1.732051 -1.600000
           14  8 101  1  2.561250    1.000000 -1.732051  1.600000
           14  9 102  1  2.561250   -2.000000  0.000000  1.600000
           14 10 103  1  2.561250   -2.000000  0.000000 -1.600000
           14 11 104  1  2.561250    2.000000  0.000000 -1.600000
           14 12 105  1  2.561250    2.000000  0.000000  1.600000
 
           15  1 106  2  2.640707    1.000000 -2.309401 -0.800000
           15  2 107  2  2.640707   -1.000000 -2.309401 -0.800000
           15  3 108  2  2.640707    1.000000 -2.309401  0.800000
           15  4 109  2  2.640707   -1.000000 -2.309401  0.800000
           15  5 110  2  2.640707    1.500000  2.020726 -0.800000
           15  6 111  2  2.640707   -1.500000  2.020726 -0.800000
           15  7 112  2  2.640707    1.500000  2.020726  0.800000
           15  8 113  2  2.640707   -1.500000  2.020726  0.800000
           15  9 114  2  2.640707    2.500000  0.288675 -0.800000
           15 10 115  2  2.640707    2.500000  0.288675  0.800000
           15 11 116  2  2.640707   -2.500000  0.288675 -0.800000
           15 12 117  2  2.640707   -2.500000  0.288675  0.800000
 
           16  1 118  1  2.645751    0.500000  2.598076  0.000000
           16  2 119  1  2.645751   -0.500000  2.598076  0.000000
           16  3 120  1  2.645751   -0.500000 -2.598076  0.000000
           16  4 121  1  2.645751    0.500000 -2.598076  0.000000
           16  5 122  1  2.645751   -2.000000 -1.732051  0.000000
           16  6 123  1  2.645751    2.000000 -1.732051  0.000000
           16  7 124  1  2.645751   -2.000000  1.732051  0.000000
           16  8 125  1  2.645751    2.000000  1.732051  0.000000
           16  9 126  1  2.645751    2.500000  0.866025  0.000000
           16 10 127  1  2.645751    2.500000 -0.866025  0.000000
           16 11 128  1  2.645751   -2.500000 -0.866025  0.000000
           16 12 129  1  2.645751   -2.500000  0.866025  0.000000
 
           17  1 130  2  2.663331    1.000000 -0.577350 -2.400000
           17  2 131  2  2.663331   -1.000000 -0.577350 -2.400000
           17  3 132  2  2.663331    1.000000 -0.577350  2.400000
           17  4 133  2  2.663331   -1.000000 -0.577350  2.400000
           17  5 134  2  2.663331    0.000000  1.154701 -2.400000
           17  6 135  2  2.663331    0.000000  1.154701  2.400000
 
           18  1 136  2  2.844878    0.500000 -1.443376 -2.400000
           18  2 137  2  2.844878   -0.500000 -1.443376 -2.400000
           18  3 138  2  2.844878    0.500000 -1.443376  2.400000
           18  4 139  2  2.844878   -0.500000 -1.443376  2.400000
           18  5 140  2  2.844878   -1.500000  0.288675 -2.400000
           18  6 141  2  2.844878    1.500000  0.288675 -2.400000
           18  7 142  2  2.844878   -1.500000  0.288675  2.400000
           18  8 143  2  2.844878    1.500000  0.288675  2.400000
           18  9 144  2  2.844878   -1.000000  1.154701  2.400000
           18 10 145  2  2.844878    1.000000  1.154701  2.400000
           18 11 146  2  2.844878    1.000000  1.154701 -2.400000
           18 12 147  2  2.844878   -1.000000  1.154701 -2.400000
 
           19  1 148  2  2.995552    2.500000 -1.443376  0.800000
           19  2 149  2  2.995552    2.500000 -1.443376 -0.800000
           19  3 150  2  2.995552   -2.500000 -1.443376  0.800000
           19  4 151  2  2.995552   -2.500000 -1.443376 -0.800000
           19  5 152  2  2.995552    0.000000  2.886751 -0.800000
           19  6 153  2  2.995552    0.000000  2.886751  0.800000
 
           20  1 154  1  3.000000   -1.500000  2.598076  0.000000
           20  2 155  1  3.000000    1.500000 -2.598076  0.000000
           20  3 156  1  3.000000   -1.500000 -2.598076  0.000000
           20  4 157  1  3.000000    1.500000  2.598076  0.000000
           20  5 158  1  3.000000    3.000000  0.000000  0.000000
           20  6 159  1  3.000000   -3.000000  0.000000  0.000000

           r_max: 3.00 Number of vectors:  159. Number of shells:  20
 
           Shells of neighbours around

           IQ =  2                      QP = -0.500  0.289 -0.800


           IS IN  IR JQ     D          RPX       RPY       RPZ
 
            1  1 160  2  0.000000    0.000000  0.000000  0.000000
 
            2  1 161  1  0.986577    0.000000  0.577350  0.800000
            2  2 162  1  0.986577    0.000000  0.577350 -0.800000
            2  3 163  1  0.986577   -0.500000 -0.288675  0.800000
            2  4 164  1  0.986577    0.500000 -0.288675  0.800000
            2  5 165  1  0.986577   -0.500000 -0.288675 -0.800000
            2  6 166  1  0.986577    0.500000 -0.288675 -0.800000
 
            3  1 167  2  1.000000    0.500000 -0.866025  0.000000
            3  2 168  2  1.000000    0.500000  0.866025  0.000000
            3  3 169  2  1.000000   -0.500000 -0.866025  0.000000
            3  4 170  2  1.000000   -0.500000  0.866025  0.000000
            3  5 171  2  1.000000    1.000000  0.000000  0.000000
            3  6 172  2  1.000000   -1.000000  0.000000  0.000000
 
            4  1 173  1  1.404754    1.000000  0.577350  0.800000
            4  2 174  1  1.404754   -1.000000  0.577350  0.800000
            4  3 175  1  1.404754    1.000000  0.577350 -0.800000
            4  4 176  1  1.404754   -1.000000  0.577350 -0.800000
            4  5 177  1  1.404754    0.000000 -1.154701  0.800000
            4  6 178  1  1.404754    0.000000 -1.154701 -0.800000
 
            5  1 179  2  1.600000    0.000000  0.000000  1.600000
            5  2 180  2  1.600000    0.000000  0.000000 -1.600000
 
            6  1 181  1  1.724336    0.500000  1.443376 -0.800000
            6  2 182  1  1.724336   -0.500000  1.443376  0.800000
            6  3 183  1  1.724336   -0.500000  1.443376 -0.800000
            6  4 184  1  1.724336    0.500000  1.443376  0.800000
            6  5 185  1  1.724336    1.500000 -0.288675  0.800000
            6  6 186  1  1.724336   -1.500000 -0.288675 -0.800000
            6  7 187  1  1.724336   -1.500000 -0.288675  0.800000
            6  8 188  1  1.724336    1.500000 -0.288675 -0.800000
            6  9 189  1  1.724336    1.000000 -1.154701 -0.800000
            6 10 190  1  1.724336    1.000000 -1.154701  0.800000
            6 11 191  1  1.724336   -1.000000 -1.154701  0.800000
            6 12 192  1  1.724336   -1.000000 -1.154701 -0.800000
 
            7  1 193  2  1.732051    0.000000 -1.732051  0.000000
            7  2 194  2  1.732051    0.000000  1.732051  0.000000
            7  3 195  2  1.732051   -1.500000  0.866025  0.000000
            7  4 196  2  1.732051    1.500000  0.866025  0.000000
            7  5 197  2  1.732051    1.500000 -0.866025  0.000000
            7  6 198  2  1.732051   -1.500000 -0.866025  0.000000
 
            8  1 199  2  1.886796    0.500000 -0.866025 -1.600000
            8  2 200  2  1.886796    0.500000  0.866025 -1.600000
            8  3 201  2  1.886796    0.500000 -0.866025  1.600000
            8  4 202  2  1.886796   -0.500000  0.866025 -1.600000
            8  5 203  2  1.886796    0.500000  0.866025  1.600000
            8  6 204  2  1.886796   -0.500000 -0.866025 -1.600000
            8  7 205  2  1.886796   -0.500000 -0.866025  1.600000
            8  8 206  2  1.886796   -0.500000  0.866025  1.600000
            8  9 207  2  1.886796    1.000000  0.000000  1.600000
            8 10 208  2  1.886796    1.000000  0.000000 -1.600000
            8 11 209  2  1.886796   -1.000000  0.000000  1.600000
            8 12 210  2  1.886796   -1.000000  0.000000 -1.600000
 
            9  1 211  2  2.000000   -1.000000  1.732051  0.000000
            9  2 212  2  2.000000    1.000000 -1.732051  0.000000
            9  3 213  2  2.000000   -1.000000 -1.732051  0.000000
            9  4 214  2  2.000000    1.000000  1.732051  0.000000
            9  5 215  2  2.000000    2.000000  0.000000  0.000000
            9  6 216  2  2.000000   -2.000000  0.000000  0.000000
 
           10  1 217  1  2.230097    1.500000  1.443376 -0.800000
           10  2 218  1  2.230097    1.500000  1.443376  0.800000
           10  3 219  1  2.230097   -1.500000  1.443376  0.800000
           10  4 220  1  2.230097   -1.500000  1.443376 -0.800000
           10  5 221  1  2.230097    2.000000  0.577350  0.800000
           10  6 222  1  2.230097   -2.000000  0.577350 -0.800000
           10  7 223  1  2.230097    2.000000  0.577350 -0.800000
           10  8 224  1  2.230097   -2.000000  0.577350  0.800000
           10  9 225  1  2.230097   -0.500000 -2.020726  0.800000
           10 10 226  1  2.230097    0.500000 -2.020726  0.800000
           10 11 227  1  2.230097   -0.500000 -2.020726 -0.800000
           10 12 228  1  2.230097    0.500000 -2.020726 -0.800000
 
           11  1 229  2  2.357965    0.000000 -1.732051  1.600000
           11  2 230  2  2.357965    0.000000  1.732051 -1.600000
           11  3 231  2  2.357965    0.000000 -1.732051 -1.600000
           11  4 232  2  2.357965    0.000000  1.732051  1.600000
           11  5 233  2  2.357965   -1.500000 -0.866025  1.600000
           11  6 234  2  2.357965   -1.500000  0.866025 -1.600000
           11  7 235  2  2.357965    1.500000 -0.866025 -1.600000
           11  8 236  2  2.357965   -1.500000  0.866025  1.600000
           11  9 237  2  2.357965    1.500000 -0.866025  1.600000
           11 10 238  2  2.357965   -1.500000 -0.866025 -1.600000
           11 11 239  2  2.357965    1.500000  0.866025  1.600000
           11 12 240  2  2.357965    1.500000  0.866025 -1.600000
 
           12  1 241  1  2.444040    0.000000  2.309401 -0.800000
           12  2 242  1  2.444040    0.000000  2.309401  0.800000
           12  3 243  1  2.444040   -2.000000 -1.154701  0.800000
           12  4 244  1  2.444040   -2.000000 -1.154701 -0.800000
           12  5 245  1  2.444040    2.000000 -1.154701 -0.800000
           12  6 246  1  2.444040    2.000000 -1.154701  0.800000
 
           13  1 247  1  2.468468    0.000000  0.577350  2.400000
           13  2 248  1  2.468468    0.000000  0.577350 -2.400000
           13  3 249  1  2.468468    0.500000 -0.288675  2.400000
           13  4 250  1  2.468468   -0.500000 -0.288675  2.400000
           13  5 251  1  2.468468    0.500000 -0.288675 -2.400000
           13  6 252  1  2.468468   -0.500000 -0.288675 -2.400000
 
           14  1 253  2  2.561250    1.000000 -1.732051 -1.600000
           14  2 254  2  2.561250    1.000000 -1.732051  1.600000
           14  3 255  2  2.561250    1.000000  1.732051  1.600000
           14  4 256  2  2.561250   -1.000000 -1.732051  1.600000
           14  5 257  2  2.561250    1.000000  1.732051 -1.600000
           14  6 258  2  2.561250   -1.000000 -1.732051 -1.600000
           14  7 259  2  2.561250   -1.000000  1.732051 -1.600000
           14  8 260  2  2.561250   -1.000000  1.732051  1.600000
           14  9 261  2  2.561250   -2.000000  0.000000 -1.600000
           14 10 262  2  2.561250   -2.000000  0.000000  1.600000
           14 11 263  2  2.561250    2.000000  0.000000  1.600000
           14 12 264  2  2.561250    2.000000  0.000000 -1.600000
 
           15  1 265  1  2.640707   -1.000000  2.309401  0.800000
           15  2 266  1  2.640707    1.000000  2.309401  0.800000
           15  3 267  1  2.640707    1.000000  2.309401 -0.800000
           15  4 268  1  2.640707   -1.000000  2.309401 -0.800000
           15  5 269  1  2.640707    1.500000 -2.020726  0.800000
           15  6 270  1  2.640707   -1.500000 -2.020726  0.800000
           15  7 271  1  2.640707   -1.500000 -2.020726 -0.800000
           15  8 272  1  2.640707    1.500000 -2.020726 -0.800000
           15  9 273  1  2.640707   -2.500000 -0.288675  0.800000
           15 10 274  1  2.640707   -2.500000 -0.288675 -0.800000
           15 11 275  1  2.640707    2.500000 -0.288675  0.800000
           15 12 276  1  2.640707    2.500000 -0.288675 -0.800000
 
           16  1 277  2  2.645751   -0.500000  2.598076  0.000000
           16  2 278  2  2.645751    0.500000  2.598076  0.000000
           16  3 279  2  2.645751   -0.500000 -2.598076  0.000000
           16  4 280  2  2.645751    0.500000 -2.598076  0.000000
           16  5 281  2  2.645751    2.000000  1.732051  0.000000
           16  6 282  2  2.645751   -2.000000  1.732051  0.000000
           16  7 283  2  2.645751    2.000000 -1.732051  0.000000
           16  8 284  2  2.645751   -2.000000 -1.732051  0.000000
           16  9 285  2  2.645751   -2.500000 -0.866025  0.000000
           16 10 286  2  2.645751    2.500000  0.866025  0.000000
           16 11 287  2  2.645751   -2.500000  0.866025  0.000000
           16 12 288  2  2.645751    2.500000 -0.866025  0.000000
 
           17  1 289  1  2.663331   -1.000000  0.577350  2.400000
           17  2 290  1  2.663331    1.000000  0.577350  2.400000
           17  3 291  1  2.663331   -1.000000  0.577350 -2.400000
           17  4 292  1  2.663331    1.000000  0.577350 -2.400000
           17  5 293  1  2.663331    0.000000 -1.154701  2.400000
           17  6 294  1  2.663331    0.000000 -1.154701 -2.400000
 
           18  1 295  1  2.844878   -0.500000  1.443376  2.400000
           18  2 296  1  2.844878    0.500000  1.443376  2.400000
           18  3 297  1  2.844878    0.500000  1.443376 -2.400000
           18  4 298  1  2.844878   -0.500000  1.443376 -2.400000
           18  5 299  1  2.844878   -1.500000 -0.288675  2.400000
           18  6 300  1  2.844878    1.500000 -0.288675  2.400000
           18  7 301  1  2.844878   -1.500000 -0.288675 -2.400000
           18  8 302  1  2.844878    1.500000 -0.288675 -2.400000
           18  9 303  1  2.844878    1.000000 -1.154701 -2.400000
           18 10 304  1  2.844878   -1.000000 -1.154701  2.400000
           18 11 305  1  2.844878   -1.000000 -1.154701 -2.400000
           18 12 306  1  2.844878    1.000000 -1.154701  2.400000
 
           19  1 307  1  2.995552    2.500000  1.443376 -0.800000
           19  2 308  1  2.995552   -2.500000  1.443376 -0.800000
           19  3 309  1  2.995552   -2.500000  1.443376  0.800000
           19  4 310  1  2.995552    2.500000  1.443376  0.800000
           19  5 311  1  2.995552    0.000000 -2.886751 -0.800000
           19  6 312  1  2.995552    0.000000 -2.886751  0.800000
 
           20  1 313  2  3.000000   -1.500000 -2.598076  0.000000
           20  2 314  2  3.000000    1.500000 -2.598076  0.000000
           20  3 315  2  3.000000    1.500000  2.598076  0.000000
           20  4 316  2  3.000000   -1.500000  2.598076  0.000000
           20  5 317  2  3.000000   -3.000000  0.000000  0.000000
           20  6 318  2  3.000000    3.000000  0.000000  0.000000

           r_max: 3.00 Number of vectors:  318. Number of shells:  20
