 Fhndlr:   Program: KSTR, Version: LV-HLS 23 Oct 2003                TM: 15:26
           Slope & Madelung matrices, Lat= hex, Job=Co_1.40    15:26/14-Jan-26  

           JOB   : Co_1.40, cmode = KSTR
           FOR001: ./Co_1.40.tfm
           FOR002: ./Co_1.40.tfh
           FOR003: ./Co_1.40.mdl
           FOR006: Co_1.40.prn
           FOR050: Co_1.40.log

 Input:    MODE  =  B STORE =  Y NPRN  =  1

           NL   =  3 NLH  =  9 NLW  =  9 NDER =  6

           DMAX    =  3.000000 DWATS  =  0.100000

           (K*W)^2 =  0.000000 ITRANS = 3

 Primv:    Special choice of primitive vectors, lattice= hex

           A     =  1.000000 B     =  1.000000 C     =  1.400000
           Alpha =    90.000 Beta  =    90.000 Gamma =   120.000

           Primitive vectors for  hex lattice in
           units of the lattice spacing a:

           (   1.00000,   0.00000,   0.00000 )
           (  -0.50000,   0.86603,   0.00000 )
           (   0.00000,   0.00000,   1.40000 )

           Basis vectors:            NQ3 =   2

           (   0.00000,   0.00000,   0.00000 )
           (  -0.50000,   0.28868,  -0.70000 )


 Primkr:   Wigner Seitz radius:  0.525025 VOL   =  1.212436


           Primitive vectors of reciprocal space
           in units of 2*pi/a

           (   1.00000,   0.57735,   0.00000  )
           (   0.00000,   1.15470,   0.00000  )
           (   0.00000,   0.00000,   0.71429  )

 Set3d:    Basis vectors in 3D cell are set.

 Latt3d:   Generate lattice vectors, NGHBP = 13
 
           Shells of neighbours around

           IQ =  1                      QP =  0.000  0.000  0.000


           IS IN  IR JQ     D          RPX       RPY       RPZ
 
            1  1   1  1  0.000000    0.000000  0.000000  0.000000
 
            2  1   2  2  0.907377    0.000000 -0.577350  0.700000
            2  2   3  2  0.907377    0.000000 -0.577350 -0.700000
            2  3   4  2  0.907377   -0.500000  0.288675  0.700000
            2  4   5  2  0.907377    0.500000  0.288675  0.700000
            2  5   6  2  0.907377    0.500000  0.288675 -0.700000
            2  6   7  2  0.907377   -0.500000  0.288675 -0.700000
 
            3  1   8  1  1.000000   -0.500000 -0.866025  0.000000
            3  2   9  1  1.000000    0.500000 -0.866025  0.000000
            3  3  10  1  1.000000    0.500000  0.866025  0.000000
            3  4  11  1  1.000000   -0.500000  0.866025  0.000000
            3  5  12  1  1.000000   -1.000000  0.000000  0.000000
            3  6  13  1  1.000000    1.000000  0.000000  0.000000
 
            4  1  14  2  1.350309    1.000000 -0.577350  0.700000
            4  2  15  2  1.350309   -1.000000 -0.577350  0.700000
            4  3  16  2  1.350309    1.000000 -0.577350 -0.700000
            4  4  17  2  1.350309   -1.000000 -0.577350 -0.700000
            4  5  18  2  1.350309    0.000000  1.154701  0.700000
            4  6  19  2  1.350309    0.000000  1.154701 -0.700000
 
            5  1  20  1  1.400000    0.000000  0.000000 -1.400000
            5  2  21  1  1.400000    0.000000  0.000000  1.400000
 
            6  1  22  2  1.680278    0.500000 -1.443376  0.700000
            6  2  23  2  1.680278   -0.500000 -1.443376  0.700000
            6  3  24  2  1.680278    0.500000 -1.443376 -0.700000
            6  4  25  2  1.680278   -0.500000 -1.443376 -0.700000
            6  5  26  2  1.680278   -1.500000  0.288675  0.700000
            6  6  27  2  1.680278    1.500000  0.288675 -0.700000
            6  7  28  2  1.680278    1.500000  0.288675  0.700000
            6  8  29  2  1.680278   -1.500000  0.288675 -0.700000
            6  9  30  2  1.680278    1.000000  1.154701  0.700000
            6 10  31  2  1.680278   -1.000000  1.154701  0.700000
            6 11  32  2  1.680278    1.000000  1.154701 -0.700000
            6 12  33  2  1.680278   -1.000000  1.154701 -0.700000
 
            7  1  34  1  1.720465    0.500000 -0.866025 -1.400000
            7  2  35  1  1.720465   -0.500000  0.866025  1.400000
            7  3  36  1  1.720465    0.500000 -0.866025  1.400000
            7  4  37  1  1.720465    0.500000  0.866025 -1.400000
            7  5  38  1  1.720465   -0.500000 -0.866025  1.400000
            7  6  39  1  1.720465   -0.500000 -0.866025 -1.400000
            7  7  40  1  1.720465   -0.500000  0.866025 -1.400000
            7  8  41  1  1.720465    0.500000  0.866025  1.400000
            7  9  42  1  1.720465    1.000000  0.000000 -1.400000
            7 10  43  1  1.720465    1.000000  0.000000  1.400000
            7 11  44  1  1.720465   -1.000000  0.000000 -1.400000
            7 12  45  1  1.720465   -1.000000  0.000000  1.400000
 
            8  1  46  1  1.732051    0.000000  1.732051  0.000000
            8  2  47  1  1.732051    0.000000 -1.732051  0.000000
            8  3  48  1  1.732051    1.500000 -0.866025  0.000000
            8  4  49  1  1.732051    1.500000  0.866025  0.000000
            8  5  50  1  1.732051   -1.500000  0.866025  0.000000
            8  6  51  1  1.732051   -1.500000 -0.866025  0.000000
 
            9  1  52  1  2.000000   -1.000000  1.732051  0.000000
            9  2  53  1  2.000000    1.000000  1.732051  0.000000
            9  3  54  1  2.000000   -1.000000 -1.732051  0.000000
            9  4  55  1  2.000000    1.000000 -1.732051  0.000000
            9  5  56  1  2.000000    2.000000  0.000000  0.000000
            9  6  57  1  2.000000   -2.000000  0.000000  0.000000
 
           10  1  58  2  2.177919    0.000000 -0.577350  2.100000
           10  2  59  2  2.177919    0.000000 -0.577350 -2.100000
           10  3  60  2  2.177919    0.500000  0.288675  2.100000
           10  4  61  2  2.177919   -0.500000  0.288675  2.100000
           10  5  62  2  2.177919   -0.500000  0.288675 -2.100000
           10  6  63  2  2.177919    0.500000  0.288675 -2.100000
 
           11  1  64  2  2.196209   -1.500000 -1.443376 -0.700000
           11  2  65  2  2.196209   -1.500000 -1.443376  0.700000
           11  3  66  2  2.196209    1.500000 -1.443376  0.700000
           11  4  67  2  2.196209    1.500000 -1.443376 -0.700000
           11  5  68  2  2.196209    2.000000 -0.577350 -0.700000
           11  6  69  2  2.196209   -2.000000 -0.577350 -0.700000
           11  7  70  2  2.196209    2.000000 -0.577350  0.700000
           11  8  71  2  2.196209   -2.000000 -0.577350  0.700000
           11  9  72  2  2.196209    0.500000  2.020726 -0.700000
           11 10  73  2  2.196209   -0.500000  2.020726  0.700000
           11 11  74  2  2.196209   -0.500000  2.020726 -0.700000
           11 12  75  2  2.196209    0.500000  2.020726  0.700000
 
           12  1  76  1  2.227106    0.000000 -1.732051  1.400000
           12  2  77  1  2.227106    0.000000  1.732051 -1.400000
           12  3  78  1  2.227106    0.000000 -1.732051 -1.400000
           12  4  79  1  2.227106    0.000000  1.732051  1.400000
           12  5  80  1  2.227106    1.500000  0.866025  1.400000
           12  6  81  1  2.227106   -1.500000 -0.866025  1.400000
           12  7  82  1  2.227106   -1.500000 -0.866025 -1.400000
           12  8  83  1  2.227106    1.500000  0.866025 -1.400000
           12  9  84  1  2.227106   -1.500000  0.866025  1.400000
           12 10  85  1  2.227106    1.500000 -0.866025  1.400000
           12 11  86  1  2.227106    1.500000 -0.866025 -1.400000
           12 12  87  1  2.227106   -1.500000  0.866025 -1.400000
 
           13  1  88  2  2.396525    1.000000 -0.577350  2.100000
           13  2  89  2  2.396525   -1.000000 -0.577350 -2.100000
           13  3  90  2  2.396525   -1.000000 -0.577350  2.100000
           13  4  91  2  2.396525    1.000000 -0.577350 -2.100000
           13  5  92  2  2.396525    0.000000  1.154701  2.100000
           13  6  93  2  2.396525    0.000000  1.154701 -2.100000
 
           14  1  94  2  2.413158    0.000000 -2.309401  0.700000
           14  2  95  2  2.413158    0.000000 -2.309401 -0.700000
           14  3  96  2  2.413158   -2.000000  1.154701  0.700000
           14  4  97  2  2.413158   -2.000000  1.154701 -0.700000
           14  5  98  2  2.413158    2.000000  1.154701  0.700000
           14  6  99  2  2.413158    2.000000  1.154701 -0.700000
 
           15  1 100  1  2.441311    1.000000  1.732051 -1.400000
           15  2 101  1  2.441311   -1.000000  1.732051 -1.400000
           15  3 102  1  2.441311    1.000000  1.732051  1.400000
           15  4 103  1  2.441311    1.000000 -1.732051 -1.400000
           15  5 104  1  2.441311   -1.000000 -1.732051 -1.400000
           15  6 105  1  2.441311    1.000000 -1.732051  1.400000
           15  7 106  1  2.441311   -1.000000 -1.732051  1.400000
           15  8 107  1  2.441311   -1.000000  1.732051  1.400000
           15  9 108  1  2.441311    2.000000  0.000000  1.400000
           15 10 109  1  2.441311    2.000000  0.000000 -1.400000
           15 11 110  1  2.441311   -2.000000  0.000000 -1.400000
           15 12 111  1  2.441311   -2.000000  0.000000  1.400000
 
           16  1 112  2  2.596793    0.500000 -1.443376  2.100000
           16  2 113  2  2.596793   -0.500000 -1.443376  2.100000
           16  3 114  2  2.596793   -0.500000 -1.443376 -2.100000
           16  4 115  2  2.596793    0.500000 -1.443376 -2.100000
           16  5 116  2  2.596793   -1.500000  0.288675  2.100000
           16  6 117  2  2.596793    1.500000  0.288675  2.100000
           16  7 118  2  2.596793    1.500000  0.288675 -2.100000
           16  8 119  2  2.596793   -1.500000  0.288675 -2.100000
           16  9 120  2  2.596793   -1.000000  1.154701  2.100000
           16 10 121  2  2.596793    1.000000  1.154701  2.100000
           16 11 122  2  2.596793   -1.000000  1.154701 -2.100000
           16 12 123  2  2.596793    1.000000  1.154701 -2.100000
 
           17  1 124  2  2.612151   -1.000000 -2.309401  0.700000
           17  2 125  2  2.612151   -1.000000 -2.309401 -0.700000
           17  3 126  2  2.612151    1.000000 -2.309401 -0.700000
           17  4 127  2  2.612151    1.000000 -2.309401  0.700000
           17  5 128  2  2.612151   -1.500000  2.020726 -0.700000
           17  6 129  2  2.612151    1.500000  2.020726  0.700000
           17  7 130  2  2.612151   -1.500000  2.020726  0.700000
           17  8 131  2  2.612151    1.500000  2.020726 -0.700000
           17  9 132  2  2.612151    2.500000  0.288675 -0.700000
           17 10 133  2  2.612151    2.500000  0.288675  0.700000
           17 11 134  2  2.612151   -2.500000  0.288675  0.700000
           17 12 135  2  2.612151   -2.500000  0.288675 -0.700000
 
           18  1 136  1  2.645751    0.500000 -2.598076  0.000000
           18  2 137  1  2.645751   -0.500000  2.598076  0.000000
           18  3 138  1  2.645751   -0.500000 -2.598076  0.000000
           18  4 139  1  2.645751    0.500000  2.598076  0.000000
           18  5 140  1  2.645751    2.000000  1.732051  0.000000
           18  6 141  1  2.645751   -2.000000 -1.732051  0.000000
           18  7 142  1  2.645751   -2.000000  1.732051  0.000000
           18  8 143  1  2.645751    2.000000 -1.732051  0.000000
           18  9 144  1  2.645751   -2.500000 -0.866025  0.000000
           18 10 145  1  2.645751    2.500000 -0.866025  0.000000
           18 11 146  1  2.645751   -2.500000  0.866025  0.000000
           18 12 147  1  2.645751    2.500000  0.866025  0.000000
 
           19  1 148  1  2.800000    0.000000  0.000000  2.800000
           19  2 149  1  2.800000    0.000000  0.000000 -2.800000
 
           20  1 150  2  2.956913    1.500000 -1.443376  2.100000
           20  2 151  2  2.956913   -1.500000 -1.443376  2.100000
           20  3 152  2  2.956913   -1.500000 -1.443376 -2.100000
           20  4 153  2  2.956913    1.500000 -1.443376 -2.100000
           20  5 154  2  2.956913   -2.000000 -0.577350  2.100000
           20  6 155  2  2.956913    2.000000 -0.577350  2.100000
           20  7 156  2  2.956913    2.000000 -0.577350 -2.100000
           20  8 157  2  2.956913   -2.000000 -0.577350 -2.100000
           20  9 158  2  2.956913    0.500000  2.020726  2.100000
           20 10 159  2  2.956913   -0.500000  2.020726  2.100000
           20 11 160  2  2.956913   -0.500000  2.020726 -2.100000
           20 12 161  2  2.956913    0.500000  2.020726 -2.100000
 
           21  1 162  2  2.970410    2.500000 -1.443376 -0.700000
           21  2 163  2  2.970410   -2.500000 -1.443376 -0.700000
           21  3 164  2  2.970410   -2.500000 -1.443376  0.700000
           21  4 165  2  2.970410    2.500000 -1.443376  0.700000
           21  5 166  2  2.970410    0.000000  2.886751 -0.700000
           21  6 167  2  2.970410    0.000000  2.886751  0.700000
 
           22  1 168  1  2.973214   -0.500000 -0.866025  2.800000
           22  2 169  1  2.973214   -0.500000  0.866025  2.800000
           22  3 170  1  2.973214    0.500000 -0.866025 -2.800000
           22  4 171  1  2.973214    0.500000  0.866025  2.800000
           22  5 172  1  2.973214   -0.500000  0.866025 -2.800000
           22  6 173  1  2.973214    0.500000 -0.866025  2.800000
           22  7 174  1  2.973214    0.500000  0.866025 -2.800000
           22  8 175  1  2.973214   -0.500000 -0.866025 -2.800000
           22  9 176  1  2.973214   -1.000000  0.000000  2.800000
           22 10 177  1  2.973214    1.000000  0.000000  2.800000
           22 11 178  1  2.973214    1.000000  0.000000 -2.800000
           22 12 179  1  2.973214   -1.000000  0.000000 -2.800000
 
           23  1 180  1  2.993326   -0.500000  2.598076  1.400000
           23  2 181  1  2.993326   -0.500000  2.598076 -1.400000
           23  3 182  1  2.993326   -0.500000 -2.598076 -1.400000
           23  4 183  1  2.993326    0.500000  2.598076  1.400000
           23  5 184  1  2.993326    0.500000  2.598076 -1.400000
           23  6 185  1  2.993326   -0.500000 -2.598076  1.400000
           23  7 186  1  2.993326    0.500000 -2.598076  1.400000
           23  8 187  1  2.993326    0.500000 -2.598076 -1.400000
           23  9 188  1  2.993326   -2.000000 -1.732051  1.400000
           23 10 189  1  2.993326    2.000000 -1.732051  1.400000
           23 11 190  1  2.993326    2.000000  1.732051  1.400000
           23 12 191  1  2.993326    2.000000  1.732051 -1.400000
           23 13 192  1  2.993326   -2.000000 -1.732051 -1.400000
           23 14 193  1  2.993326   -2.000000  1.732051 -1.400000
           23 15 194  1  2.993326   -2.000000  1.732051  1.400000
           23 16 195  1  2.993326    2.000000 -1.732051 -1.400000
           23 17 196  1  2.993326    2.500000  0.866025  1.400000
           23 18 197  1  2.993326    2.500000 -0.866025 -1.400000
           23 19 198  1  2.993326   -2.500000  0.866025 -1.400000
           23 20 199  1  2.993326   -2.500000 -0.866025  1.400000
           23 21 200  1  2.993326   -2.500000  0.866025  1.400000
           23 22 201  1  2.993326   -2.500000 -0.866025 -1.400000
           23 23 202  1  2.993326    2.500000 -0.866025  1.400000
           23 24 203  1  2.993326    2.500000  0.866025 -1.400000
 
           24  1 204  1  3.000000    1.500000  2.598076  0.000000
           24  2 205  1  3.000000    1.500000 -2.598076  0.000000
           24  3 206  1  3.000000   -1.500000  2.598076  0.000000
           24  4 207  1  3.000000   -1.500000 -2.598076  0.000000
           24  5 208  1  3.000000   -3.000000  0.000000  0.000000
           24  6 209  1  3.000000    3.000000  0.000000  0.000000

           r_max: 3.00 Number of vectors:  209. Number of shells:  24
 
           Shells of neighbours around

           IQ =  2                      QP = -0.500  0.289 -0.700


           IS IN  IR JQ     D          RPX       RPY       RPZ
 
            1  1 210  2  0.000000    0.000000  0.000000  0.000000
 
            2  1 211  1  0.907377    0.000000  0.577350 -0.700000
            2  2 212  1  0.907377    0.000000  0.577350  0.700000
            2  3 213  1  0.907377   -0.500000 -0.288675 -0.700000
            2  4 214  1  0.907377    0.500000 -0.288675 -0.700000
            2  5 215  1  0.907377   -0.500000 -0.288675  0.700000
            2  6 216  1  0.907377    0.500000 -0.288675  0.700000
 
            3  1 217  2  1.000000   -0.500000  0.866025  0.000000
            3  2 218  2  1.000000   -0.500000 -0.866025  0.000000
            3  3 219  2  1.000000    0.500000 -0.866025  0.000000
            3  4 220  2  1.000000    0.500000  0.866025  0.000000
            3  5 221  2  1.000000   -1.000000  0.000000  0.000000
            3  6 222  2  1.000000    1.000000  0.000000  0.000000
 
            4  1 223  1  1.350309   -1.000000  0.577350 -0.700000
            4  2 224  1  1.350309    1.000000  0.577350 -0.700000
            4  3 225  1  1.350309    1.000000  0.577350  0.700000
            4  4 226  1  1.350309   -1.000000  0.577350  0.700000
            4  5 227  1  1.350309    0.000000 -1.154701 -0.700000
            4  6 228  1  1.350309    0.000000 -1.154701  0.700000
 
            5  1 229  2  1.400000    0.000000  0.000000  1.400000
            5  2 230  2  1.400000    0.000000  0.000000 -1.400000
 
            6  1 231  1  1.680278    0.500000  1.443376 -0.700000
            6  2 232  1  1.680278   -0.500000  1.443376 -0.700000
            6  3 233  1  1.680278   -0.500000  1.443376  0.700000
            6  4 234  1  1.680278    0.500000  1.443376  0.700000
            6  5 235  1  1.680278    1.500000 -0.288675 -0.700000
            6  6 236  1  1.680278   -1.500000 -0.288675  0.700000
            6  7 237  1  1.680278   -1.500000 -0.288675 -0.700000
            6  8 238  1  1.680278    1.500000 -0.288675  0.700000
            6  9 239  1  1.680278   -1.000000 -1.154701 -0.700000
            6 10 240  1  1.680278    1.000000 -1.154701 -0.700000
            6 11 241  1  1.680278    1.000000 -1.154701  0.700000
            6 12 242  1  1.680278   -1.000000 -1.154701  0.700000
 
            7  1 243  2  1.720465   -0.500000  0.866025  1.400000
            7  2 244  2  1.720465    0.500000 -0.866025  1.400000
            7  3 245  2  1.720465    0.500000  0.866025  1.400000
            7  4 246  2  1.720465    0.500000  0.866025 -1.400000
            7  5 247  2  1.720465   -0.500000  0.866025 -1.400000
            7  6 248  2  1.720465    0.500000 -0.866025 -1.400000
            7  7 249  2  1.720465   -0.500000 -0.866025  1.400000
            7  8 250  2  1.720465   -0.500000 -0.866025 -1.400000
            7  9 251  2  1.720465   -1.000000  0.000000  1.400000
            7 10 252  2  1.720465    1.000000  0.000000  1.400000
            7 11 253  2  1.720465   -1.000000  0.000000 -1.400000
            7 12 254  2  1.720465    1.000000  0.000000 -1.400000
 
            8  1 255  2  1.732051    0.000000  1.732051  0.000000
            8  2 256  2  1.732051    0.000000 -1.732051  0.000000
            8  3 257  2  1.732051    1.500000 -0.866025  0.000000
            8  4 258  2  1.732051   -1.500000 -0.866025  0.000000
            8  5 259  2  1.732051    1.500000  0.866025  0.000000
            8  6 260  2  1.732051   -1.500000  0.866025  0.000000
 
            9  1 261  2  2.000000    1.000000 -1.732051  0.000000
            9  2 262  2  2.000000    1.000000  1.732051  0.000000
            9  3 263  2  2.000000   -1.000000 -1.732051  0.000000
            9  4 264  2  2.000000   -1.000000  1.732051  0.000000
            9  5 265  2  2.000000    2.000000  0.000000  0.000000
            9  6 266  2  2.000000   -2.000000  0.000000  0.000000
 
           10  1 267  1  2.177919    0.000000  0.577350 -2.100000
           10  2 268  1  2.177919    0.000000  0.577350  2.100000
           10  3 269  1  2.177919   -0.500000 -0.288675 -2.100000
           10  4 270  1  2.177919    0.500000 -0.288675 -2.100000
           10  5 271  1  2.177919    0.500000 -0.288675  2.100000
           10  6 272  1  2.177919   -0.500000 -0.288675  2.100000
 
           11  1 273  1  2.196209    1.500000  1.443376 -0.700000
           11  2 274  1  2.196209    1.500000  1.443376  0.700000
           11  3 275  1  2.196209   -1.500000  1.443376  0.700000
           11  4 276  1  2.196209   -1.500000  1.443376 -0.700000
           11  5 277  1  2.196209    2.000000  0.577350  0.700000
           11  6 278  1  2.196209    2.000000  0.577350 -0.700000
           11  7 279  1  2.196209   -2.000000  0.577350 -0.700000
           11  8 280  1  2.196209   -2.000000  0.577350  0.700000
           11  9 281  1  2.196209   -0.500000 -2.020726  0.700000
           11 10 282  1  2.196209   -0.500000 -2.020726 -0.700000
           11 11 283  1  2.196209    0.500000 -2.020726  0.700000
           11 12 284  1  2.196209    0.500000 -2.020726 -0.700000
 
           12  1 285  2  2.227106    0.000000  1.732051  1.400000
           12  2 286  2  2.227106    0.000000  1.732051 -1.400000
           12  3 287  2  2.227106    0.000000 -1.732051 -1.400000
           12  4 288  2  2.227106    0.000000 -1.732051  1.400000
           12  5 289  2  2.227106    1.500000 -0.866025 -1.400000
           12  6 290  2  2.227106   -1.500000 -0.866025  1.400000
           12  7 291  2  2.227106   -1.500000 -0.866025 -1.400000
           12  8 292  2  2.227106    1.500000 -0.866025  1.400000
           12  9 293  2  2.227106   -1.500000  0.866025  1.400000
           12 10 294  2  2.227106    1.500000  0.866025  1.400000
           12 11 295  2  2.227106    1.500000  0.866025 -1.400000
           12 12 296  2  2.227106   -1.500000  0.866025 -1.400000
 
           13  1 297  1  2.396525    1.000000  0.577350 -2.100000
           13  2 298  1  2.396525   -1.000000  0.577350 -2.100000
           13  3 299  1  2.396525   -1.000000  0.577350  2.100000
           13  4 300  1  2.396525    1.000000  0.577350  2.100000
           13  5 301  1  2.396525    0.000000 -1.154701 -2.100000
           13  6 302  1  2.396525    0.000000 -1.154701  2.100000
 
           14  1 303  1  2.413158    0.000000  2.309401 -0.700000
           14  2 304  1  2.413158    0.000000  2.309401  0.700000
           14  3 305  1  2.413158   -2.000000 -1.154701  0.700000
           14  4 306  1  2.413158    2.000000 -1.154701  0.700000
           14  5 307  1  2.413158    2.000000 -1.154701 -0.700000
           14  6 308  1  2.413158   -2.000000 -1.154701 -0.700000
 
           15  1 309  2  2.441311    1.000000  1.732051 -1.400000
           15  2 310  2  2.441311    1.000000 -1.732051  1.400000
           15  3 311  2  2.441311   -1.000000 -1.732051  1.400000
           15  4 312  2  2.441311    1.000000 -1.732051 -1.400000
           15  5 313  2  2.441311   -1.000000 -1.732051 -1.400000
           15  6 314  2  2.441311    1.000000  1.732051  1.400000
           15  7 315  2  2.441311   -1.000000  1.732051  1.400000
           15  8 316  2  2.441311   -1.000000  1.732051 -1.400000
           15  9 317  2  2.441311   -2.000000  0.000000 -1.400000
           15 10 318  2  2.441311   -2.000000  0.000000  1.400000
           15 11 319  2  2.441311    2.000000  0.000000 -1.400000
           15 12 320  2  2.441311    2.000000  0.000000  1.400000
 
           16  1 321  1  2.596793    0.500000  1.443376 -2.100000
           16  2 322  1  2.596793    0.500000  1.443376  2.100000
           16  3 323  1  2.596793   -0.500000  1.443376 -2.100000
           16  4 324  1  2.596793   -0.500000  1.443376  2.100000
           16  5 325  1  2.596793   -1.500000 -0.288675 -2.100000
           16  6 326  1  2.596793    1.500000 -0.288675 -2.100000
           16  7 327  1  2.596793   -1.500000 -0.288675  2.100000
           16  8 328  1  2.596793    1.500000 -0.288675  2.100000
           16  9 329  1  2.596793   -1.000000 -1.154701 -2.100000
           16 10 330  1  2.596793    1.000000 -1.154701 -2.100000
           16 11 331  1  2.596793   -1.000000 -1.154701  2.100000
           16 12 332  1  2.596793    1.000000 -1.154701  2.100000
 
           17  1 333  1  2.612151    1.000000  2.309401  0.700000
           17  2 334  1  2.612151   -1.000000  2.309401  0.700000
           17  3 335  1  2.612151   -1.000000  2.309401 -0.700000
           17  4 336  1  2.612151    1.000000  2.309401 -0.700000
           17  5 337  1  2.612151    1.500000 -2.020726  0.700000
           17  6 338  1  2.612151   -1.500000 -2.020726 -0.700000
           17  7 339  1  2.612151   -1.500000 -2.020726  0.700000
           17  8 340  1  2.612151    1.500000 -2.020726 -0.700000
           17  9 341  1  2.612151    2.500000 -0.288675  0.700000
           17 10 342  1  2.612151   -2.500000 -0.288675 -0.700000
           17 11 343  1  2.612151   -2.500000 -0.288675  0.700000
           17 12 344  1  2.612151    2.500000 -0.288675 -0.700000
 
           18  1 345  2  2.645751   -0.500000  2.598076  0.000000
           18  2 346  2  2.645751    0.500000  2.598076  0.000000
           18  3 347  2  2.645751   -0.500000 -2.598076  0.000000
           18  4 348  2  2.645751    0.500000 -2.598076  0.000000
           18  5 349  2  2.645751   -2.000000  1.732051  0.000000
           18  6 350  2  2.645751    2.000000 -1.732051  0.000000
           18  7 351  2  2.645751   -2.000000 -1.732051  0.000000
           18  8 352  2  2.645751    2.000000  1.732051  0.000000
           18  9 353  2  2.645751   -2.500000  0.866025  0.000000
           18 10 354  2  2.645751    2.500000  0.866025  0.000000
           18 11 355  2  2.645751   -2.500000 -0.866025  0.000000
           18 12 356  2  2.645751    2.500000 -0.866025  0.000000
 
           19  1 357  2  2.800000    0.000000  0.000000 -2.800000
           19  2 358  2  2.800000    0.000000  0.000000  2.800000
 
           20  1 359  1  2.956913    1.500000  1.443376 -2.100000
           20  2 360  1  2.956913   -1.500000  1.443376 -2.100000
           20  3 361  1  2.956913   -1.500000  1.443376  2.100000
           20  4 362  1  2.956913    1.500000  1.443376  2.100000
           20  5 363  1  2.956913    2.000000  0.577350 -2.100000
           20  6 364  1  2.956913   -2.000000  0.577350 -2.100000
           20  7 365  1  2.956913    2.000000  0.577350  2.100000
           20  8 366  1  2.956913   -2.000000  0.577350  2.100000
           20  9 367  1  2.956913   -0.500000 -2.020726 -2.100000
           20 10 368  1  2.956913    0.500000 -2.020726 -2.100000
           20 11 369  1  2.956913    0.500000 -2.020726  2.100000
           20 12 370  1  2.956913   -0.500000 -2.020726  2.100000
 
           21  1 371  1  2.970410    2.500000  1.443376  0.700000
           21  2 372  1  2.970410   -2.500000  1.443376 -0.700000
           21  3 373  1  2.970410    2.500000  1.443376 -0.700000
           21  4 374  1  2.970410   -2.500000  1.443376  0.700000
           21  5 375  1  2.970410    0.000000 -2.886751 -0.700000
           21  6 376  1  2.970410    0.000000 -2.886751  0.700000
 
           22  1 377  2  2.973214   -0.500000  0.866025  2.800000
           22  2 378  2  2.973214   -0.500000 -0.866025 -2.800000
           22  3 379  2  2.973214    0.500000  0.866025  2.800000
           22  4 380  2  2.973214    0.500000 -0.866025 -2.800000
           22  5 381  2  2.973214   -0.500000  0.866025 -2.800000
           22  6 382  2  2.973214    0.500000  0.866025 -2.800000
           22  7 383  2  2.973214   -0.500000 -0.866025  2.800000
           22  8 384  2  2.973214    0.500000 -0.866025  2.800000
           22  9 385  2  2.973214   -1.000000  0.000000  2.800000
           22 10 386  2  2.973214    1.000000  0.000000  2.800000
           22 11 387  2  2.973214    1.000000  0.000000 -2.800000
           22 12 388  2  2.973214   -1.000000  0.000000 -2.800000
 
           23  1 389  2  2.993326   -0.500000 -2.598076 -1.400000
           23  2 390  2  2.993326    0.500000 -2.598076  1.400000
           23  3 391  2  2.993326   -0.500000 -2.598076  1.400000
           23  4 392  2  2.993326    0.500000  2.598076  1.400000
           23  5 393  2  2.993326   -0.500000  2.598076 -1.400000
           23  6 394  2  2.993326    0.500000 -2.598076 -1.400000
           23  7 395  2  2.993326   -0.500000  2.598076  1.400000
           23  8 396  2  2.993326    0.500000  2.598076 -1.400000
           23  9 397  2  2.993326    2.000000  1.732051 -1.400000
           23 10 398  2  2.993326   -2.000000  1.732051 -1.400000
           23 11 399  2  2.993326    2.000000  1.732051  1.400000
           23 12 400  2  2.993326   -2.000000  1.732051  1.400000
           23 13 401  2  2.993326    2.000000 -1.732051  1.400000
           23 14 402  2  2.993326   -2.000000 -1.732051 -1.400000
           23 15 403  2  2.993326   -2.000000 -1.732051  1.400000
           23 16 404  2  2.993326    2.000000 -1.732051 -1.400000
           23 17 405  2  2.993326    2.500000 -0.866025  1.400000
           23 18 406  2  2.993326    2.500000 -0.866025 -1.400000
           23 19 407  2  2.993326   -2.500000 -0.866025 -1.400000
           23 20 408  2  2.993326   -2.500000 -0.866025  1.400000
           23 21 409  2  2.993326   -2.500000  0.866025  1.400000
           23 22 410  2  2.993326   -2.500000  0.866025 -1.400000
           23 23 411  2  2.993326    2.500000  0.866025  1.400000
           23 24 412  2  2.993326    2.500000  0.866025 -1.400000
 
           24  1 413  2  3.000000   -1.500000 -2.598076  0.000000
           24  2 414  2  3.000000   -1.500000  2.598076  0.000000
           24  3 415  2  3.000000    1.500000 -2.598076  0.000000
           24  4 416  2  3.000000    1.500000  2.598076  0.000000
           24  5 417  2  3.000000   -3.000000  0.000000  0.000000
           24  6 418  2  3.000000    3.000000  0.000000  0.000000

           r_max: 3.00 Number of vectors:  418. Number of shells:  24
