 Fhndlr:   Program: KSTR, Version: LV-HLS 23 Oct 2003                TM: 15:26
           Slope & Madelung matrices, Lat= hex, Job=Co_1.50    15:26/14-Jan-26  

           JOB   : Co_1.50, cmode = KSTR
           FOR001: ./Co_1.50.tfm
           FOR002: ./Co_1.50.tfh
           FOR003: ./Co_1.50.mdl
           FOR006: Co_1.50.prn
           FOR050: Co_1.50.log

 Input:    MODE  =  B STORE =  Y NPRN  =  1

           NL   =  3 NLH  =  9 NLW  =  9 NDER =  6

           DMAX    =  3.000000 DWATS  =  0.100000

           (K*W)^2 =  0.000000 ITRANS = 3

 Primv:    Special choice of primitive vectors, lattice= hex

           A     =  1.000000 B     =  1.000000 C     =  1.500000
           Alpha =    90.000 Beta  =    90.000 Gamma =   120.000

           Primitive vectors for  hex lattice in
           units of the lattice spacing a:

           (   1.00000,   0.00000,   0.00000 )
           (  -0.50000,   0.86603,   0.00000 )
           (   0.00000,   0.00000,   1.50000 )

           Basis vectors:            NQ3 =   2

           (   0.00000,   0.00000,   0.00000 )
           (  -0.50000,   0.28868,  -0.75000 )


 Primkr:   Wigner Seitz radius:  0.537239 VOL   =  1.299038


           Primitive vectors of reciprocal space
           in units of 2*pi/a

           (   1.00000,   0.57735,   0.00000  )
           (   0.00000,   1.15470,   0.00000  )
           (   0.00000,   0.00000,   0.66667  )

 Set3d:    Basis vectors in 3D cell are set.

 Latt3d:   Generate lattice vectors, NGHBP = 13
 
           Shells of neighbours around

           IQ =  1                      QP =  0.000  0.000  0.000


           IS IN  IR JQ     D          RPX       RPY       RPZ
 
            1  1   1  1  0.000000    0.000000  0.000000  0.000000
 
            2  1   2  2  0.946485    0.000000 -0.577350  0.750000
            2  2   3  2  0.946485    0.000000 -0.577350 -0.750000
            2  3   4  2  0.946485    0.500000  0.288675 -0.750000
            2  4   5  2  0.946485   -0.500000  0.288675  0.750000
            2  5   6  2  0.946485   -0.500000  0.288675 -0.750000
            2  6   7  2  0.946485    0.500000  0.288675  0.750000
 
            3  1   8  1  1.000000    0.500000 -0.866025  0.000000
            3  2   9  1  1.000000   -0.500000  0.866025  0.000000
            3  3  10  1  1.000000   -0.500000 -0.866025  0.000000
            3  4  11  1  1.000000    0.500000  0.866025  0.000000
            3  5  12  1  1.000000    1.000000  0.000000  0.000000
            3  6  13  1  1.000000   -1.000000  0.000000  0.000000
 
            4  1  14  2  1.376893   -1.000000 -0.577350  0.750000
            4  2  15  2  1.376893    1.000000 -0.577350 -0.750000
            4  3  16  2  1.376893    1.000000 -0.577350  0.750000
            4  4  17  2  1.376893   -1.000000 -0.577350 -0.750000
            4  5  18  2  1.376893    0.000000  1.154701 -0.750000
            4  6  19  2  1.376893    0.000000  1.154701  0.750000
 
            5  1  20  1  1.500000    0.000000  0.000000  1.500000
            5  2  21  1  1.500000    0.000000  0.000000 -1.500000
 
            6  1  22  2  1.701715    0.500000 -1.443376 -0.750000
            6  2  23  2  1.701715    0.500000 -1.443376  0.750000
            6  3  24  2  1.701715   -0.500000 -1.443376 -0.750000
            6  4  25  2  1.701715   -0.500000 -1.443376  0.750000
            6  5  26  2  1.701715   -1.500000  0.288675  0.750000
            6  6  27  2  1.701715    1.500000  0.288675 -0.750000
            6  7  28  2  1.701715    1.500000  0.288675  0.750000
            6  8  29  2  1.701715   -1.500000  0.288675 -0.750000
            6  9  30  2  1.701715   -1.000000  1.154701  0.750000
            6 10  31  2  1.701715    1.000000  1.154701  0.750000
            6 11  32  2  1.701715    1.000000  1.154701 -0.750000
            6 12  33  2  1.701715   -1.000000  1.154701 -0.750000
 
            7  1  34  1  1.732051    0.000000  1.732051  0.000000
            7  2  35  1  1.732051    0.000000 -1.732051  0.000000
            7  3  36  1  1.732051    1.500000 -0.866025  0.000000
            7  4  37  1  1.732051    1.500000  0.866025  0.000000
            7  5  38  1  1.732051   -1.500000 -0.866025  0.000000
            7  6  39  1  1.732051   -1.500000  0.866025  0.000000
 
            8  1  40  1  1.802776    0.500000  0.866025  1.500000
            8  2  41  1  1.802776   -0.500000 -0.866025  1.500000
            8  3  42  1  1.802776   -0.500000  0.866025 -1.500000
            8  4  43  1  1.802776    0.500000 -0.866025  1.500000
            8  5  44  1  1.802776   -0.500000  0.866025  1.500000
            8  6  45  1  1.802776   -0.500000 -0.866025 -1.500000
            8  7  46  1  1.802776    0.500000  0.866025 -1.500000
            8  8  47  1  1.802776    0.500000 -0.866025 -1.500000
            8  9  48  1  1.802776   -1.000000  0.000000 -1.500000
            8 10  49  1  1.802776    1.000000  0.000000  1.500000
            8 11  50  1  1.802776   -1.000000  0.000000  1.500000
            8 12  51  1  1.802776    1.000000  0.000000 -1.500000
 
            9  1  52  1  2.000000   -1.000000  1.732051  0.000000
            9  2  53  1  2.000000   -1.000000 -1.732051  0.000000
            9  3  54  1  2.000000    1.000000  1.732051  0.000000
            9  4  55  1  2.000000    1.000000 -1.732051  0.000000
            9  5  56  1  2.000000    2.000000  0.000000  0.000000
            9  6  57  1  2.000000   -2.000000  0.000000  0.000000
 
           10  1  58  2  2.212653    1.500000 -1.443376  0.750000
           10  2  59  2  2.212653   -1.500000 -1.443376  0.750000
           10  3  60  2  2.212653    1.500000 -1.443376 -0.750000
           10  4  61  2  2.212653   -1.500000 -1.443376 -0.750000
           10  5  62  2  2.212653   -2.000000 -0.577350  0.750000
           10  6  63  2  2.212653   -2.000000 -0.577350 -0.750000
           10  7  64  2  2.212653    2.000000 -0.577350 -0.750000
           10  8  65  2  2.212653    2.000000 -0.577350  0.750000
           10  9  66  2  2.212653    0.500000  2.020726  0.750000
           10 10  67  2  2.212653    0.500000  2.020726 -0.750000
           10 11  68  2  2.212653   -0.500000  2.020726  0.750000
           10 12  69  2  2.212653   -0.500000  2.020726 -0.750000
 
           11  1  70  1  2.291288    0.000000 -1.732051  1.500000
           11  2  71  1  2.291288    0.000000 -1.732051 -1.500000
           11  3  72  1  2.291288    0.000000  1.732051  1.500000
           11  4  73  1  2.291288    0.000000  1.732051 -1.500000
           11  5  74  1  2.291288    1.500000  0.866025 -1.500000
           11  6  75  1  2.291288    1.500000  0.866025  1.500000
           11  7  76  1  2.291288   -1.500000  0.866025 -1.500000
           11  8  77  1  2.291288   -1.500000 -0.866025 -1.500000
           11  9  78  1  2.291288   -1.500000 -0.866025  1.500000
           11 10  79  1  2.291288   -1.500000  0.866025  1.500000
           11 11  80  1  2.291288    1.500000 -0.866025 -1.500000
           11 12  81  1  2.291288    1.500000 -0.866025  1.500000
 
           12  1  82  2  2.322893    0.000000 -0.577350  2.250000
           12  2  83  2  2.322893    0.000000 -0.577350 -2.250000
           12  3  84  2  2.322893   -0.500000  0.288675 -2.250000
           12  4  85  2  2.322893   -0.500000  0.288675  2.250000
           12  5  86  2  2.322893    0.500000  0.288675  2.250000
           12  6  87  2  2.322893    0.500000  0.288675 -2.250000
 
           13  1  88  2  2.428134    0.000000 -2.309401 -0.750000
           13  2  89  2  2.428134    0.000000 -2.309401  0.750000
           13  3  90  2  2.428134   -2.000000  1.154701 -0.750000
           13  4  91  2  2.428134   -2.000000  1.154701  0.750000
           13  5  92  2  2.428134    2.000000  1.154701  0.750000
           13  6  93  2  2.428134    2.000000  1.154701 -0.750000
 
           14  1  94  1  2.500000   -1.000000 -1.732051 -1.500000
           14  2  95  1  2.500000   -1.000000 -1.732051  1.500000
           14  3  96  1  2.500000    1.000000 -1.732051 -1.500000
           14  4  97  1  2.500000    1.000000 -1.732051  1.500000
           14  5  98  1  2.500000   -1.000000  1.732051 -1.500000
           14  6  99  1  2.500000   -1.000000  1.732051  1.500000
           14  7 100  1  2.500000    1.000000  1.732051  1.500000
           14  8 101  1  2.500000    1.000000  1.732051 -1.500000
           14  9 102  1  2.500000    2.000000  0.000000 -1.500000
           14 10 103  1  2.500000   -2.000000  0.000000  1.500000
           14 11 104  1  2.500000   -2.000000  0.000000 -1.500000
           14 12 105  1  2.500000    2.000000  0.000000  1.500000
 
           15  1 106  2  2.528998    1.000000 -0.577350 -2.250000
           15  2 107  2  2.528998   -1.000000 -0.577350  2.250000
           15  3 108  2  2.528998   -1.000000 -0.577350 -2.250000
           15  4 109  2  2.528998    1.000000 -0.577350  2.250000
           15  5 110  2  2.528998    0.000000  1.154701  2.250000
           15  6 111  2  2.528998    0.000000  1.154701 -2.250000
 
           16  1 112  2  2.625992   -1.000000 -2.309401 -0.750000
           16  2 113  2  2.625992   -1.000000 -2.309401  0.750000
           16  3 114  2  2.625992    1.000000 -2.309401 -0.750000
           16  4 115  2  2.625992    1.000000 -2.309401  0.750000
           16  5 116  2  2.625992   -1.500000  2.020726 -0.750000
           16  6 117  2  2.625992   -1.500000  2.020726  0.750000
           16  7 118  2  2.625992    1.500000  2.020726  0.750000
           16  8 119  2  2.625992    1.500000  2.020726 -0.750000
           16  9 120  2  2.625992    2.500000  0.288675 -0.750000
           16 10 121  2  2.625992    2.500000  0.288675  0.750000
           16 11 122  2  2.625992   -2.500000  0.288675 -0.750000
           16 12 123  2  2.625992   -2.500000  0.288675  0.750000
 
           17  1 124  1  2.645751    0.500000  2.598076  0.000000
           17  2 125  1  2.645751   -0.500000  2.598076  0.000000
           17  3 126  1  2.645751    0.500000 -2.598076  0.000000
           17  4 127  1  2.645751   -0.500000 -2.598076  0.000000
           17  5 128  1  2.645751   -2.000000 -1.732051  0.000000
           17  6 129  1  2.645751    2.000000  1.732051  0.000000
           17  7 130  1  2.645751   -2.000000  1.732051  0.000000
           17  8 131  1  2.645751    2.000000 -1.732051  0.000000
           17  9 132  1  2.645751   -2.500000 -0.866025  0.000000
           17 10 133  1  2.645751    2.500000  0.866025  0.000000
           17 11 134  1  2.645751   -2.500000  0.866025  0.000000
           17 12 135  1  2.645751    2.500000 -0.866025  0.000000
 
           18  1 136  2  2.719528   -0.500000 -1.443376  2.250000
           18  2 137  2  2.719528    0.500000 -1.443376 -2.250000
           18  3 138  2  2.719528    0.500000 -1.443376  2.250000
           18  4 139  2  2.719528   -0.500000 -1.443376 -2.250000
           18  5 140  2  2.719528   -1.500000  0.288675  2.250000
           18  6 141  2  2.719528    1.500000  0.288675  2.250000
           18  7 142  2  2.719528    1.500000  0.288675 -2.250000
           18  8 143  2  2.719528   -1.500000  0.288675 -2.250000
           18  9 144  2  2.719528    1.000000  1.154701  2.250000
           18 10 145  2  2.719528    1.000000  1.154701 -2.250000
           18 11 146  2  2.719528   -1.000000  1.154701 -2.250000
           18 12 147  2  2.719528   -1.000000  1.154701  2.250000
 
           19  1 148  2  2.982588    2.500000 -1.443376 -0.750000
           19  2 149  2  2.982588   -2.500000 -1.443376  0.750000
           19  3 150  2  2.982588   -2.500000 -1.443376 -0.750000
           19  4 151  2  2.982588    2.500000 -1.443376  0.750000
           19  5 152  2  2.982588    0.000000  2.886751  0.750000
           19  6 153  2  2.982588    0.000000  2.886751 -0.750000
 
           20  1 154  1  3.000000    1.500000  2.598076  0.000000
           20  2 155  1  3.000000   -1.500000  2.598076  0.000000
           20  3 156  1  3.000000   -1.500000 -2.598076  0.000000
           20  4 157  1  3.000000    1.500000 -2.598076  0.000000
           20  5 158  1  3.000000   -3.000000  0.000000  0.000000
           20  6 159  1  3.000000    0.000000  0.000000 -3.000000
           20  7 160  1  3.000000    0.000000  0.000000  3.000000
           20  8 161  1  3.000000    3.000000  0.000000  0.000000

           r_max: 3.00 Number of vectors:  161. Number of shells:  20
 
           Shells of neighbours around

           IQ =  2                      QP = -0.500  0.289 -0.750


           IS IN  IR JQ     D          RPX       RPY       RPZ
 
            1  1 162  2  0.000000    0.000000  0.000000  0.000000
 
            2  1 163  1  0.946485    0.000000  0.577350 -0.750000
            2  2 164  1  0.946485    0.000000  0.577350  0.750000
            2  3 165  1  0.946485   -0.500000 -0.288675 -0.750000
            2  4 166  1  0.946485    0.500000 -0.288675  0.750000
            2  5 167  1  0.946485    0.500000 -0.288675 -0.750000
            2  6 168  1  0.946485   -0.500000 -0.288675  0.750000
 
            3  1 169  2  1.000000    0.500000  0.866025  0.000000
            3  2 170  2  1.000000   -0.500000 -0.866025  0.000000
            3  3 171  2  1.000000    0.500000 -0.866025  0.000000
            3  4 172  2  1.000000   -0.500000  0.866025  0.000000
            3  5 173  2  1.000000   -1.000000  0.000000  0.000000
            3  6 174  2  1.000000    1.000000  0.000000  0.000000
 
            4  1 175  1  1.376893    1.000000  0.577350 -0.750000
            4  2 176  1  1.376893   -1.000000  0.577350 -0.750000
            4  3 177  1  1.376893    1.000000  0.577350  0.750000
            4  4 178  1  1.376893   -1.000000  0.577350  0.750000
            4  5 179  1  1.376893    0.000000 -1.154701  0.750000
            4  6 180  1  1.376893    0.000000 -1.154701 -0.750000
 
            5  1 181  2  1.500000    0.000000  0.000000  1.500000
            5  2 182  2  1.500000    0.000000  0.000000 -1.500000
 
            6  1 183  1  1.701715   -0.500000  1.443376 -0.750000
            6  2 184  1  1.701715    0.500000  1.443376 -0.750000
            6  3 185  1  1.701715   -0.500000  1.443376  0.750000
            6  4 186  1  1.701715    0.500000  1.443376  0.750000
            6  5 187  1  1.701715    1.500000 -0.288675 -0.750000
            6  6 188  1  1.701715   -1.500000 -0.288675  0.750000
            6  7 189  1  1.701715   -1.500000 -0.288675 -0.750000
            6  8 190  1  1.701715    1.500000 -0.288675  0.750000
            6  9 191  1  1.701715   -1.000000 -1.154701 -0.750000
            6 10 192  1  1.701715    1.000000 -1.154701  0.750000
            6 11 193  1  1.701715    1.000000 -1.154701 -0.750000
            6 12 194  1  1.701715   -1.000000 -1.154701  0.750000
 
            7  1 195  2  1.732051    0.000000  1.732051  0.000000
            7  2 196  2  1.732051    0.000000 -1.732051  0.000000
            7  3 197  2  1.732051    1.500000 -0.866025  0.000000
            7  4 198  2  1.732051    1.500000  0.866025  0.000000
            7  5 199  2  1.732051   -1.500000 -0.866025  0.000000
            7  6 200  2  1.732051   -1.500000  0.866025  0.000000
 
            8  1 201  2  1.802776   -0.500000  0.866025  1.500000
            8  2 202  2  1.802776    0.500000  0.866025  1.500000
            8  3 203  2  1.802776    0.500000 -0.866025  1.500000
            8  4 204  2  1.802776   -0.500000 -0.866025  1.500000
            8  5 205  2  1.802776   -0.500000  0.866025 -1.500000
            8  6 206  2  1.802776   -0.500000 -0.866025 -1.500000
            8  7 207  2  1.802776    0.500000 -0.866025 -1.500000
            8  8 208  2  1.802776    0.500000  0.866025 -1.500000
            8  9 209  2  1.802776    1.000000  0.000000 -1.500000
            8 10 210  2  1.802776   -1.000000  0.000000 -1.500000
            8 11 211  2  1.802776   -1.000000  0.000000  1.500000
            8 12 212  2  1.802776    1.000000  0.000000  1.500000
 
            9  1 213  2  2.000000   -1.000000  1.732051  0.000000
            9  2 214  2  2.000000    1.000000  1.732051  0.000000
            9  3 215  2  2.000000   -1.000000 -1.732051  0.000000
            9  4 216  2  2.000000    1.000000 -1.732051  0.000000
            9  5 217  2  2.000000   -2.000000  0.000000  0.000000
            9  6 218  2  2.000000    2.000000  0.000000  0.000000
 
           10  1 219  1  2.212653   -1.500000  1.443376 -0.750000
           10  2 220  1  2.212653    1.500000  1.443376  0.750000
           10  3 221  1  2.212653    1.500000  1.443376 -0.750000
           10  4 222  1  2.212653   -1.500000  1.443376  0.750000
           10  5 223  1  2.212653   -2.000000  0.577350 -0.750000
           10  6 224  1  2.212653   -2.000000  0.577350  0.750000
           10  7 225  1  2.212653    2.000000  0.577350  0.750000
           10  8 226  1  2.212653    2.000000  0.577350 -0.750000
           10  9 227  1  2.212653   -0.500000 -2.020726 -0.750000
           10 10 228  1  2.212653    0.500000 -2.020726 -0.750000
           10 11 229  1  2.212653    0.500000 -2.020726  0.750000
           10 12 230  1  2.212653   -0.500000 -2.020726  0.750000
 
           11  1 231  2  2.291288    0.000000  1.732051 -1.500000
           11  2 232  2  2.291288    0.000000  1.732051  1.500000
           11  3 233  2  2.291288    0.000000 -1.732051 -1.500000
           11  4 234  2  2.291288    0.000000 -1.732051  1.500000
           11  5 235  2  2.291288    1.500000  0.866025 -1.500000
           11  6 236  2  2.291288    1.500000 -0.866025 -1.500000
           11  7 237  2  2.291288   -1.500000 -0.866025  1.500000
           11  8 238  2  2.291288   -1.500000 -0.866025 -1.500000
           11  9 239  2  2.291288    1.500000 -0.866025  1.500000
           11 10 240  2  2.291288    1.500000  0.866025  1.500000
           11 11 241  2  2.291288   -1.500000  0.866025 -1.500000
           11 12 242  2  2.291288   -1.500000  0.866025  1.500000
 
           12  1 243  1  2.322893    0.000000  0.577350  2.250000
           12  2 244  1  2.322893    0.000000  0.577350 -2.250000
           12  3 245  1  2.322893   -0.500000 -0.288675 -2.250000
           12  4 246  1  2.322893    0.500000 -0.288675  2.250000
           12  5 247  1  2.322893    0.500000 -0.288675 -2.250000
           12  6 248  1  2.322893   -0.500000 -0.288675  2.250000
 
           13  1 249  1  2.428134    0.000000  2.309401 -0.750000
           13  2 250  1  2.428134    0.000000  2.309401  0.750000
           13  3 251  1  2.428134   -2.000000 -1.154701 -0.750000
           13  4 252  1  2.428134   -2.000000 -1.154701  0.750000
           13  5 253  1  2.428134    2.000000 -1.154701  0.750000
           13  6 254  1  2.428134    2.000000 -1.154701 -0.750000
 
           14  1 255  2  2.500000   -1.000000  1.732051  1.500000
           14  2 256  2  2.500000   -1.000000 -1.732051 -1.500000
           14  3 257  2  2.500000    1.000000 -1.732051 -1.500000
           14  4 258  2  2.500000    1.000000  1.732051  1.500000
           14  5 259  2  2.500000    1.000000  1.732051 -1.500000
           14  6 260  2  2.500000   -1.000000  1.732051 -1.500000
           14  7 261  2  2.500000   -1.000000 -1.732051  1.500000
           14  8 262  2  2.500000    1.000000 -1.732051  1.500000
           14  9 263  2  2.500000    2.000000  0.000000  1.500000
           14 10 264  2  2.500000   -2.000000  0.000000  1.500000
           14 11 265  2  2.500000   -2.000000  0.000000 -1.500000
           14 12 266  2  2.500000    2.000000  0.000000 -1.500000
 
           15  1 267  1  2.528998    1.000000  0.577350 -2.250000
           15  2 268  1  2.528998   -1.000000  0.577350  2.250000
           15  3 269  1  2.528998   -1.000000  0.577350 -2.250000
           15  4 270  1  2.528998    1.000000  0.577350  2.250000
           15  5 271  1  2.528998    0.000000 -1.154701 -2.250000
           15  6 272  1  2.528998    0.000000 -1.154701  2.250000
 
           16  1 273  1  2.625992    1.000000  2.309401  0.750000
           16  2 274  1  2.625992   -1.000000  2.309401  0.750000
           16  3 275  1  2.625992    1.000000  2.309401 -0.750000
           16  4 276  1  2.625992   -1.000000  2.309401 -0.750000
           16  5 277  1  2.625992    1.500000 -2.020726  0.750000
           16  6 278  1  2.625992    1.500000 -2.020726 -0.750000
           16  7 279  1  2.625992   -1.500000 -2.020726  0.750000
           16  8 280  1  2.625992   -1.500000 -2.020726 -0.750000
           16  9 281  1  2.625992   -2.500000 -0.288675 -0.750000
           16 10 282  1  2.625992   -2.500000 -0.288675  0.750000
           16 11 283  1  2.625992    2.500000 -0.288675  0.750000
           16 12 284  1  2.625992    2.500000 -0.288675 -0.750000
 
           17  1 285  2  2.645751   -0.500000  2.598076  0.000000
           17  2 286  2  2.645751    0.500000  2.598076  0.000000
           17  3 287  2  2.645751   -0.500000 -2.598076  0.000000
           17  4 288  2  2.645751    0.500000 -2.598076  0.000000
           17  5 289  2  2.645751    2.000000 -1.732051  0.000000
           17  6 290  2  2.645751   -2.000000  1.732051  0.000000
           17  7 291  2  2.645751   -2.000000 -1.732051  0.000000
           17  8 292  2  2.645751    2.000000  1.732051  0.000000
           17  9 293  2  2.645751   -2.500000  0.866025  0.000000
           17 10 294  2  2.645751    2.500000  0.866025  0.000000
           17 11 295  2  2.645751    2.500000 -0.866025  0.000000
           17 12 296  2  2.645751   -2.500000 -0.866025  0.000000
 
           18  1 297  1  2.719528   -0.500000  1.443376 -2.250000
           18  2 298  1  2.719528   -0.500000  1.443376  2.250000
           18  3 299  1  2.719528    0.500000  1.443376  2.250000
           18  4 300  1  2.719528    0.500000  1.443376 -2.250000
           18  5 301  1  2.719528   -1.500000 -0.288675  2.250000
           18  6 302  1  2.719528    1.500000 -0.288675 -2.250000
           18  7 303  1  2.719528    1.500000 -0.288675  2.250000
           18  8 304  1  2.719528   -1.500000 -0.288675 -2.250000
           18  9 305  1  2.719528    1.000000 -1.154701  2.250000
           18 10 306  1  2.719528    1.000000 -1.154701 -2.250000
           18 11 307  1  2.719528   -1.000000 -1.154701  2.250000
           18 12 308  1  2.719528   -1.000000 -1.154701 -2.250000
 
           19  1 309  1  2.982588   -2.500000  1.443376  0.750000
           19  2 310  1  2.982588   -2.500000  1.443376 -0.750000
           19  3 311  1  2.982588    2.500000  1.443376 -0.750000
           19  4 312  1  2.982588    2.500000  1.443376  0.750000
           19  5 313  1  2.982588    0.000000 -2.886751 -0.750000
           19  6 314  1  2.982588    0.000000 -2.886751  0.750000
 
           20  1 315  2  3.000000    1.500000 -2.598076  0.000000
           20  2 316  2  3.000000   -1.500000  2.598076  0.000000
           20  3 317  2  3.000000    1.500000  2.598076  0.000000
           20  4 318  2  3.000000   -1.500000 -2.598076  0.000000
           20  5 319  2  3.000000    3.000000  0.000000  0.000000
           20  6 320  2  3.000000   -3.000000  0.000000  0.000000
           20  7 321  2  3.000000    0.000000  0.000000  3.000000
           20  8 322  2  3.000000    0.000000  0.000000 -3.000000

           r_max: 3.00 Number of vectors:  322. Number of shells:  20
