 Fhndlr:   Program: KSTR, Version: LV-HLS 23 Oct 2003                TM: 15:26
           Slope & Madelung matrices, Lat= hex, Job=Co_1.80    15:26/14-Jan-26  

           JOB   : Co_1.80, cmode = KSTR
           FOR001: ./Co_1.80.tfm
           FOR002: ./Co_1.80.tfh
           FOR003: ./Co_1.80.mdl
           FOR006: Co_1.80.prn
           FOR050: Co_1.80.log

 Input:    MODE  =  B STORE =  Y NPRN  =  1

           NL   =  3 NLH  =  9 NLW  =  9 NDER =  6

           DMAX    =  3.000000 DWATS  =  0.100000

           (K*W)^2 =  0.000000 ITRANS = 3

 Primv:    Special choice of primitive vectors, lattice= hex

           A     =  1.000000 B     =  1.000000 C     =  1.800000
           Alpha =    90.000 Beta  =    90.000 Gamma =   120.000

           Primitive vectors for  hex lattice in
           units of the lattice spacing a:

           (   1.00000,   0.00000,   0.00000 )
           (  -0.50000,   0.86603,   0.00000 )
           (   0.00000,   0.00000,   1.80000 )

           Basis vectors:            NQ3 =   2

           (   0.00000,   0.00000,   0.00000 )
           (  -0.50000,   0.28868,  -0.90000 )


 Primkr:   Wigner Seitz radius:  0.570902 VOL   =  1.558846


           Primitive vectors of reciprocal space
           in units of 2*pi/a

           (   1.00000,   0.57735,   0.00000  )
           (   0.00000,   1.15470,   0.00000  )
           (   0.00000,   0.00000,   0.55556  )

 Set3d:    Basis vectors in 3D cell are set.

 Latt3d:   Generate lattice vectors, NGHBP = 13
 
           Shells of neighbours around

           IQ =  1                      QP =  0.000  0.000  0.000


           IS IN  IR JQ     D          RPX       RPY       RPZ
 
            1  1   1  1  0.000000    0.000000  0.000000  0.000000
 
            2  1   2  1  1.000000   -0.500000  0.866025  0.000000
            2  2   3  1  1.000000    0.500000  0.866025  0.000000
            2  3   4  1  1.000000    0.500000 -0.866025  0.000000
            2  4   5  1  1.000000   -0.500000 -0.866025  0.000000
            2  5   6  1  1.000000   -1.000000  0.000000  0.000000
            2  6   7  1  1.000000    1.000000  0.000000  0.000000
 
            3  1   8  2  1.069268    0.000000 -0.577350  0.900000
            3  2   9  2  1.069268    0.000000 -0.577350 -0.900000
            3  3  10  2  1.069268    0.500000  0.288675  0.900000
            3  4  11  2  1.069268   -0.500000  0.288675  0.900000
            3  5  12  2  1.069268   -0.500000  0.288675 -0.900000
            3  6  13  2  1.069268    0.500000  0.288675 -0.900000
 
            4  1  14  2  1.464013    1.000000 -0.577350  0.900000
            4  2  15  2  1.464013   -1.000000 -0.577350  0.900000
            4  3  16  2  1.464013   -1.000000 -0.577350 -0.900000
            4  4  17  2  1.464013    1.000000 -0.577350 -0.900000
            4  5  18  2  1.464013    0.000000  1.154701 -0.900000
            4  6  19  2  1.464013    0.000000  1.154701  0.900000
 
            5  1  20  1  1.732051    0.000000  1.732051  0.000000
            5  2  21  1  1.732051    0.000000 -1.732051  0.000000
            5  3  22  1  1.732051   -1.500000  0.866025  0.000000
            5  4  23  1  1.732051    1.500000  0.866025  0.000000
            5  5  24  1  1.732051   -1.500000 -0.866025  0.000000
            5  6  25  1  1.732051    1.500000 -0.866025  0.000000
 
            6  1  26  2  1.772945    0.500000 -1.443376  0.900000
            6  2  27  2  1.772945    0.500000 -1.443376 -0.900000
            6  3  28  2  1.772945   -0.500000 -1.443376 -0.900000
            6  4  29  2  1.772945   -0.500000 -1.443376  0.900000
            6  5  30  2  1.772945    1.500000  0.288675  0.900000
            6  6  31  2  1.772945   -1.500000  0.288675  0.900000
            6  7  32  2  1.772945    1.500000  0.288675 -0.900000
            6  8  33  2  1.772945   -1.500000  0.288675 -0.900000
            6  9  34  2  1.772945   -1.000000  1.154701 -0.900000
            6 10  35  2  1.772945    1.000000  1.154701  0.900000
            6 11  36  2  1.772945    1.000000  1.154701 -0.900000
            6 12  37  2  1.772945   -1.000000  1.154701  0.900000
 
            7  1  38  1  1.800000    0.000000  0.000000 -1.800000
            7  2  39  1  1.800000    0.000000  0.000000  1.800000
 
            8  1  40  1  2.000000    1.000000  1.732051  0.000000
            8  2  41  1  2.000000   -1.000000  1.732051  0.000000
            8  3  42  1  2.000000   -1.000000 -1.732051  0.000000
            8  4  43  1  2.000000    1.000000 -1.732051  0.000000
            8  5  44  1  2.000000    2.000000  0.000000  0.000000
            8  6  45  1  2.000000   -2.000000  0.000000  0.000000
 
            9  1  46  1  2.059126   -0.500000  0.866025  1.800000
            9  2  47  1  2.059126    0.500000 -0.866025 -1.800000
            9  3  48  1  2.059126   -0.500000 -0.866025 -1.800000
            9  4  49  1  2.059126    0.500000  0.866025  1.800000
            9  5  50  1  2.059126   -0.500000 -0.866025  1.800000
            9  6  51  1  2.059126    0.500000  0.866025 -1.800000
            9  7  52  1  2.059126   -0.500000  0.866025 -1.800000
            9  8  53  1  2.059126    0.500000 -0.866025  1.800000
            9  9  54  1  2.059126    1.000000  0.000000 -1.800000
            9 10  55  1  2.059126    1.000000  0.000000  1.800000
            9 11  56  1  2.059126   -1.000000  0.000000  1.800000
            9 12  57  1  2.059126   -1.000000  0.000000 -1.800000
 
           10  1  58  2  2.267892   -1.500000 -1.443376 -0.900000
           10  2  59  2  2.267892   -1.500000 -1.443376  0.900000
           10  3  60  2  2.267892    1.500000 -1.443376 -0.900000
           10  4  61  2  2.267892    1.500000 -1.443376  0.900000
           10  5  62  2  2.267892    2.000000 -0.577350  0.900000
           10  6  63  2  2.267892   -2.000000 -0.577350 -0.900000
           10  7  64  2  2.267892    2.000000 -0.577350 -0.900000
           10  8  65  2  2.267892   -2.000000 -0.577350  0.900000
           10  9  66  2  2.267892    0.500000  2.020726  0.900000
           10 10  67  2  2.267892    0.500000  2.020726 -0.900000
           10 11  68  2  2.267892   -0.500000  2.020726  0.900000
           10 12  69  2  2.267892   -0.500000  2.020726 -0.900000
 
           11  1  70  2  2.478575    0.000000 -2.309401 -0.900000
           11  2  71  2  2.478575    0.000000 -2.309401  0.900000
           11  3  72  2  2.478575    2.000000  1.154701  0.900000
           11  4  73  2  2.478575   -2.000000  1.154701  0.900000
           11  5  74  2  2.478575   -2.000000  1.154701 -0.900000
           11  6  75  2  2.478575    2.000000  1.154701 -0.900000
 
           12  1  76  1  2.497999    0.000000 -1.732051  1.800000
           12  2  77  1  2.497999    0.000000  1.732051  1.800000
           12  3  78  1  2.497999    0.000000  1.732051 -1.800000
           12  4  79  1  2.497999    0.000000 -1.732051 -1.800000
           12  5  80  1  2.497999    1.500000 -0.866025 -1.800000
           12  6  81  1  2.497999    1.500000 -0.866025  1.800000
           12  7  82  1  2.497999   -1.500000 -0.866025  1.800000
           12  8  83  1  2.497999   -1.500000 -0.866025 -1.800000
           12  9  84  1  2.497999   -1.500000  0.866025 -1.800000
           12 10  85  1  2.497999    1.500000  0.866025 -1.800000
           12 11  86  1  2.497999    1.500000  0.866025  1.800000
           12 12  87  1  2.497999   -1.500000  0.866025  1.800000
 
           13  1  88  1  2.645751    0.500000  2.598076  0.000000
           13  2  89  1  2.645751   -0.500000 -2.598076  0.000000
           13  3  90  1  2.645751   -0.500000  2.598076  0.000000
           13  4  91  1  2.645751    0.500000 -2.598076  0.000000
           13  5  92  1  2.645751   -2.000000 -1.732051  0.000000
           13  6  93  1  2.645751   -2.000000  1.732051  0.000000
           13  7  94  1  2.645751    2.000000 -1.732051  0.000000
           13  8  95  1  2.645751    2.000000  1.732051  0.000000
           13  9  96  1  2.645751    2.500000  0.866025  0.000000
           13 10  97  1  2.645751   -2.500000 -0.866025  0.000000
           13 11  98  1  2.645751   -2.500000  0.866025  0.000000
           13 12  99  1  2.645751    2.500000 -0.866025  0.000000
 
           14  1 100  2  2.672701    1.000000 -2.309401 -0.900000
           14  2 101  2  2.672701   -1.000000 -2.309401 -0.900000
           14  3 102  2  2.672701   -1.000000 -2.309401  0.900000
           14  4 103  2  2.672701    1.000000 -2.309401  0.900000
           14  5 104  2  2.672701   -1.500000  2.020726  0.900000
           14  6 105  2  2.672701    1.500000  2.020726  0.900000
           14  7 106  2  2.672701    1.500000  2.020726 -0.900000
           14  8 107  2  2.672701   -1.500000  2.020726 -0.900000
           14  9 108  2  2.672701    2.500000  0.288675 -0.900000
           14 10 109  2  2.672701    2.500000  0.288675  0.900000
           14 11 110  2  2.672701   -2.500000  0.288675 -0.900000
           14 12 111  2  2.672701   -2.500000  0.288675  0.900000
 
           15  1 112  1  2.690725   -1.000000  1.732051  1.800000
           15  2 113  1  2.690725   -1.000000  1.732051 -1.800000
           15  3 114  1  2.690725   -1.000000 -1.732051 -1.800000
           15  4 115  1  2.690725    1.000000  1.732051  1.800000
           15  5 116  1  2.690725    1.000000 -1.732051 -1.800000
           15  6 117  1  2.690725    1.000000  1.732051 -1.800000
           15  7 118  1  2.690725    1.000000 -1.732051  1.800000
           15  8 119  1  2.690725   -1.000000 -1.732051  1.800000
           15  9 120  1  2.690725   -2.000000  0.000000 -1.800000
           15 10 121  1  2.690725    2.000000  0.000000  1.800000
           15 11 122  1  2.690725    2.000000  0.000000 -1.800000
           15 12 123  1  2.690725   -2.000000  0.000000  1.800000
 
           16  1 124  2  2.761038    0.000000 -0.577350 -2.700000
           16  2 125  2  2.761038    0.000000 -0.577350  2.700000
           16  3 126  2  2.761038   -0.500000  0.288675 -2.700000
           16  4 127  2  2.761038    0.500000  0.288675 -2.700000
           16  5 128  2  2.761038    0.500000  0.288675  2.700000
           16  6 129  2  2.761038   -0.500000  0.288675  2.700000
 
           17  1 130  2  2.936551   -1.000000 -0.577350  2.700000
           17  2 131  2  2.936551   -1.000000 -0.577350 -2.700000
           17  3 132  2  2.936551    1.000000 -0.577350  2.700000
           17  4 133  2  2.936551    1.000000 -0.577350 -2.700000
           17  5 134  2  2.936551    0.000000  1.154701  2.700000
           17  6 135  2  2.936551    0.000000  1.154701 -2.700000
 
           18  1 136  1  3.000000    1.500000  2.598076  0.000000
           18  2 137  1  3.000000   -1.500000 -2.598076  0.000000
           18  3 138  1  3.000000    1.500000 -2.598076  0.000000
           18  4 139  1  3.000000   -1.500000  2.598076  0.000000
           18  5 140  1  3.000000   -3.000000  0.000000  0.000000
           18  6 141  1  3.000000    3.000000  0.000000  0.000000

           r_max: 3.00 Number of vectors:  141. Number of shells:  18
 
           Shells of neighbours around

           IQ =  2                      QP = -0.500  0.289 -0.900


           IS IN  IR JQ     D          RPX       RPY       RPZ
 
            1  1 142  2  0.000000    0.000000  0.000000  0.000000
 
            2  1 143  2  1.000000    0.500000 -0.866025  0.000000
            2  2 144  2  1.000000   -0.500000  0.866025  0.000000
            2  3 145  2  1.000000   -0.500000 -0.866025  0.000000
            2  4 146  2  1.000000    0.500000  0.866025  0.000000
            2  5 147  2  1.000000   -1.000000  0.000000  0.000000
            2  6 148  2  1.000000    1.000000  0.000000  0.000000
 
            3  1 149  1  1.069268    0.000000  0.577350 -0.900000
            3  2 150  1  1.069268    0.000000  0.577350  0.900000
            3  3 151  1  1.069268   -0.500000 -0.288675 -0.900000
            3  4 152  1  1.069268    0.500000 -0.288675 -0.900000
            3  5 153  1  1.069268    0.500000 -0.288675  0.900000
            3  6 154  1  1.069268   -0.500000 -0.288675  0.900000
 
            4  1 155  1  1.464013    1.000000  0.577350 -0.900000
            4  2 156  1  1.464013   -1.000000  0.577350 -0.900000
            4  3 157  1  1.464013    1.000000  0.577350  0.900000
            4  4 158  1  1.464013   -1.000000  0.577350  0.900000
            4  5 159  1  1.464013    0.000000 -1.154701 -0.900000
            4  6 160  1  1.464013    0.000000 -1.154701  0.900000
 
            5  1 161  2  1.732051    0.000000 -1.732051  0.000000
            5  2 162  2  1.732051    0.000000  1.732051  0.000000
            5  3 163  2  1.732051   -1.500000 -0.866025  0.000000
            5  4 164  2  1.732051    1.500000  0.866025  0.000000
            5  5 165  2  1.732051    1.500000 -0.866025  0.000000
            5  6 166  2  1.732051   -1.500000  0.866025  0.000000
 
            6  1 167  1  1.772945    0.500000  1.443376  0.900000
            6  2 168  1  1.772945    0.500000  1.443376 -0.900000
            6  3 169  1  1.772945   -0.500000  1.443376 -0.900000
            6  4 170  1  1.772945   -0.500000  1.443376  0.900000
            6  5 171  1  1.772945    1.500000 -0.288675 -0.900000
            6  6 172  1  1.772945   -1.500000 -0.288675 -0.900000
            6  7 173  1  1.772945    1.500000 -0.288675  0.900000
            6  8 174  1  1.772945   -1.500000 -0.288675  0.900000
            6  9 175  1  1.772945    1.000000 -1.154701  0.900000
            6 10 176  1  1.772945    1.000000 -1.154701 -0.900000
            6 11 177  1  1.772945   -1.000000 -1.154701 -0.900000
            6 12 178  1  1.772945   -1.000000 -1.154701  0.900000
 
            7  1 179  2  1.800000    0.000000  0.000000  1.800000
            7  2 180  2  1.800000    0.000000  0.000000 -1.800000
 
            8  1 181  2  2.000000    1.000000  1.732051  0.000000
            8  2 182  2  2.000000    1.000000 -1.732051  0.000000
            8  3 183  2  2.000000   -1.000000 -1.732051  0.000000
            8  4 184  2  2.000000   -1.000000  1.732051  0.000000
            8  5 185  2  2.000000   -2.000000  0.000000  0.000000
            8  6 186  2  2.000000    2.000000  0.000000  0.000000
 
            9  1 187  2  2.059126    0.500000 -0.866025  1.800000
            9  2 188  2  2.059126   -0.500000  0.866025  1.800000
            9  3 189  2  2.059126   -0.500000 -0.866025  1.800000
            9  4 190  2  2.059126    0.500000  0.866025  1.800000
            9  5 191  2  2.059126   -0.500000 -0.866025 -1.800000
            9  6 192  2  2.059126    0.500000  0.866025 -1.800000
            9  7 193  2  2.059126   -0.500000  0.866025 -1.800000
            9  8 194  2  2.059126    0.500000 -0.866025 -1.800000
            9  9 195  2  2.059126    1.000000  0.000000  1.800000
            9 10 196  2  2.059126   -1.000000  0.000000 -1.800000
            9 11 197  2  2.059126    1.000000  0.000000 -1.800000
            9 12 198  2  2.059126   -1.000000  0.000000  1.800000
 
           10  1 199  1  2.267892    1.500000  1.443376  0.900000
           10  2 200  1  2.267892    1.500000  1.443376 -0.900000
           10  3 201  1  2.267892   -1.500000  1.443376  0.900000
           10  4 202  1  2.267892   -1.500000  1.443376 -0.900000
           10  5 203  1  2.267892    2.000000  0.577350  0.900000
           10  6 204  1  2.267892   -2.000000  0.577350  0.900000
           10  7 205  1  2.267892    2.000000  0.577350 -0.900000
           10  8 206  1  2.267892   -2.000000  0.577350 -0.900000
           10  9 207  1  2.267892    0.500000 -2.020726 -0.900000
           10 10 208  1  2.267892   -0.500000 -2.020726 -0.900000
           10 11 209  1  2.267892   -0.500000 -2.020726  0.900000
           10 12 210  1  2.267892    0.500000 -2.020726  0.900000
 
           11  1 211  1  2.478575    0.000000  2.309401 -0.900000
           11  2 212  1  2.478575    0.000000  2.309401  0.900000
           11  3 213  1  2.478575    2.000000 -1.154701 -0.900000
           11  4 214  1  2.478575   -2.000000 -1.154701 -0.900000
           11  5 215  1  2.478575   -2.000000 -1.154701  0.900000
           11  6 216  1  2.478575    2.000000 -1.154701  0.900000
 
           12  1 217  2  2.497999    0.000000  1.732051 -1.800000
           12  2 218  2  2.497999    0.000000 -1.732051 -1.800000
           12  3 219  2  2.497999    0.000000 -1.732051  1.800000
           12  4 220  2  2.497999    0.000000  1.732051  1.800000
           12  5 221  2  2.497999    1.500000  0.866025  1.800000
           12  6 222  2  2.497999    1.500000 -0.866025  1.800000
           12  7 223  2  2.497999   -1.500000  0.866025  1.800000
           12  8 224  2  2.497999    1.500000 -0.866025 -1.800000
           12  9 225  2  2.497999   -1.500000 -0.866025 -1.800000
           12 10 226  2  2.497999   -1.500000 -0.866025  1.800000
           12 11 227  2  2.497999   -1.500000  0.866025 -1.800000
           12 12 228  2  2.497999    1.500000  0.866025 -1.800000
 
           13  1 229  2  2.645751   -0.500000 -2.598076  0.000000
           13  2 230  2  2.645751   -0.500000  2.598076  0.000000
           13  3 231  2  2.645751    0.500000  2.598076  0.000000
           13  4 232  2  2.645751    0.500000 -2.598076  0.000000
           13  5 233  2  2.645751   -2.000000 -1.732051  0.000000
           13  6 234  2  2.645751    2.000000  1.732051  0.000000
           13  7 235  2  2.645751   -2.000000  1.732051  0.000000
           13  8 236  2  2.645751    2.000000 -1.732051  0.000000
           13  9 237  2  2.645751    2.500000  0.866025  0.000000
           13 10 238  2  2.645751    2.500000 -0.866025  0.000000
           13 11 239  2  2.645751   -2.500000  0.866025  0.000000
           13 12 240  2  2.645751   -2.500000 -0.866025  0.000000
 
           14  1 241  1  2.672701    1.000000  2.309401  0.900000
           14  2 242  1  2.672701    1.000000  2.309401 -0.900000
           14  3 243  1  2.672701   -1.000000  2.309401 -0.900000
           14  4 244  1  2.672701   -1.000000  2.309401  0.900000
           14  5 245  1  2.672701   -1.500000 -2.020726 -0.900000
           14  6 246  1  2.672701   -1.500000 -2.020726  0.900000
           14  7 247  1  2.672701    1.500000 -2.020726 -0.900000
           14  8 248  1  2.672701    1.500000 -2.020726  0.900000
           14  9 249  1  2.672701    2.500000 -0.288675  0.900000
           14 10 250  1  2.672701   -2.500000 -0.288675  0.900000
           14 11 251  1  2.672701    2.500000 -0.288675 -0.900000
           14 12 252  1  2.672701   -2.500000 -0.288675 -0.900000
 
           15  1 253  2  2.690725   -1.000000  1.732051  1.800000
           15  2 254  2  2.690725    1.000000 -1.732051  1.800000
           15  3 255  2  2.690725    1.000000  1.732051  1.800000
           15  4 256  2  2.690725    1.000000 -1.732051 -1.800000
           15  5 257  2  2.690725   -1.000000  1.732051 -1.800000
           15  6 258  2  2.690725   -1.000000 -1.732051  1.800000
           15  7 259  2  2.690725   -1.000000 -1.732051 -1.800000
           15  8 260  2  2.690725    1.000000  1.732051 -1.800000
           15  9 261  2  2.690725    2.000000  0.000000  1.800000
           15 10 262  2  2.690725    2.000000  0.000000 -1.800000
           15 11 263  2  2.690725   -2.000000  0.000000  1.800000
           15 12 264  2  2.690725   -2.000000  0.000000 -1.800000
 
           16  1 265  1  2.761038    0.000000  0.577350  2.700000
           16  2 266  1  2.761038    0.000000  0.577350 -2.700000
           16  3 267  1  2.761038   -0.500000 -0.288675 -2.700000
           16  4 268  1  2.761038   -0.500000 -0.288675  2.700000
           16  5 269  1  2.761038    0.500000 -0.288675 -2.700000
           16  6 270  1  2.761038    0.500000 -0.288675  2.700000
 
           17  1 271  1  2.936551    1.000000  0.577350 -2.700000
           17  2 272  1  2.936551   -1.000000  0.577350  2.700000
           17  3 273  1  2.936551   -1.000000  0.577350 -2.700000
           17  4 274  1  2.936551    1.000000  0.577350  2.700000
           17  5 275  1  2.936551    0.000000 -1.154701  2.700000
           17  6 276  1  2.936551    0.000000 -1.154701 -2.700000
 
           18  1 277  2  3.000000   -1.500000  2.598076  0.000000
           18  2 278  2  3.000000    1.500000  2.598076  0.000000
           18  3 279  2  3.000000    1.500000 -2.598076  0.000000
           18  4 280  2  3.000000   -1.500000 -2.598076  0.000000
           18  5 281  2  3.000000    3.000000  0.000000  0.000000
           18  6 282  2  3.000000   -3.000000  0.000000  0.000000

           r_max: 3.00 Number of vectors:  282. Number of shells:  18

 Blatts:   IQ  =  1 NSC = 14 NVN = 12 V(t)= 0.779423 V(a)= 0.779423

           Si = 0.500000 Sc = 0.732006 WST= 0.570902 WST/WS= 1.000000
