 Fhndlr:   Program: SHAPE, Version: HLS 03 Apr 2002                  TM: 22:33
                                                                     16-Jan-26

           FOR001: ../smx/CuMg_1.62.tfh                                        
           FOR002: ./CuMg_1.62.shp                                             
           FOR006: ./CuMg_1.62.prn                                             
           FOR050: ./CuMg_1.62.log                                             

 Input:    NSR =  129 Lmax=   30 NFI =   11 IVEF=    3

 Strinp:   Slope & Madelung matrices, Lat= hex, Job=CuMg_1.62  22:33/16-Jan-26  

           Site number :   1

 Blatts:   Si  =  0.497630 WSA =  0.551364 Sc  =  0.705433

           NSC =   24 NVN =   14

        1  0.49995000 -0.28864626 -0.81072555  0.99526006   6

          -0.00005000  0.00002887 -0.61093995  0.61093995
           0.49994999  0.28870400 -0.40538333  0.70543295
           0.50000000  0.28867513 -0.40534221  0.70543295
           0.50000000 -0.28867513 -0.19978560  0.61093995
           0.00000001 -0.57735026 -0.40534222  0.70543295
          -0.00005000 -0.57732139 -0.40538334  0.70543295

        2  0.49995000 -0.28864626  0.81072555  0.99526006   6

          -0.00005000  0.00002887  0.61093995  0.61093995
          -0.00005000 -0.57732139  0.40538334  0.70543295
           0.00000001 -0.57735026  0.40534222  0.70543295
           0.50000000 -0.28867513  0.19978560  0.61093995
           0.50000000  0.28867513  0.40534221  0.70543295
           0.49994999  0.28870400  0.40538333  0.70543295

        3 -0.50005000 -0.28864626  0.81072555  0.99531030   6

          -0.00005000  0.00002887  0.61093995  0.61093995
          -0.49999999  0.28867514  0.40534222  0.70543295
          -0.50000000  0.28867513  0.40534221  0.70543295
          -0.50000000 -0.28867513  0.19978560  0.61093995
          -0.00005001 -0.57732140  0.40538333  0.70543295
          -0.00005000 -0.57732139  0.40538334  0.70543295

        4 -0.50005000 -0.28864626 -0.81072555  0.99531030   6

          -0.00005000  0.00002887 -0.61093995  0.61093995
          -0.00005000 -0.57732139 -0.40538334  0.70543295
          -0.00005001 -0.57732140 -0.40538333  0.70543295
          -0.50000000 -0.28867513 -0.19978560  0.61093995
          -0.50000000  0.28867513 -0.40534221  0.70543295
          -0.49999999  0.28867514 -0.40534222  0.70543295

        5 -0.00005000  0.57737914 -0.81072555  0.99531030   4

          -0.00005000  0.00002887 -0.61093995  0.61093995
          -0.49999999  0.28867514 -0.40534222  0.70543295
           0.00000000  0.57735027 -0.19978560  0.61093995
           0.49994999  0.28870400 -0.40538333  0.70543295

        6 -0.00005000  0.57737914  0.81072555  0.99531030   4

          -0.00005000  0.00002887  0.61093995  0.61093995
           0.49994999  0.28870400  0.40538333  0.70543295
           0.00000000  0.57735027  0.19978560  0.61093995
          -0.49999999  0.28867514  0.40534222  0.70543295

        7  0.50000000  0.86602540  0.00000000  1.00000000   6

           0.49994999  0.28870400 -0.40538333  0.70543295
           0.00000000  0.57735027 -0.19978560  0.61093995
           0.00000000  0.57735027  0.19978560  0.61093995
           0.49994999  0.28870400  0.40538333  0.70543295
           0.50000000  0.28867513  0.40534221  0.70543295
           0.50000000  0.28867513 -0.40534221  0.70543295

        8 -0.50000000  0.86602540  0.00000000  1.00000000   6

          -0.49999999  0.28867514  0.40534222  0.70543295
           0.00000000  0.57735027  0.19978560  0.61093995
           0.00000000  0.57735027 -0.19978560  0.61093995
          -0.49999999  0.28867514 -0.40534222  0.70543295
          -0.50000000  0.28867513 -0.40534221  0.70543295
          -0.50000000  0.28867513  0.40534221  0.70543295

        9 -0.50000000 -0.86602540  0.00000000  1.00000000   6

          -0.50000000 -0.28867513  0.19978560  0.61093995
          -0.50000000 -0.28867513 -0.19978560  0.61093995
          -0.00005001 -0.57732140 -0.40538333  0.70543295
           0.00000000 -0.57735027 -0.40534221  0.70543295
           0.00000000 -0.57735027  0.40534221  0.70543295
          -0.00005001 -0.57732140  0.40538333  0.70543295

       10  0.50000000 -0.86602540  0.00000000  1.00000000   6

           0.50000000 -0.28867513 -0.19978560  0.61093995
           0.50000000 -0.28867513  0.19978560  0.61093995
           0.00000001 -0.57735026  0.40534222  0.70543295
           0.00000000 -0.57735027  0.40534221  0.70543295
           0.00000000 -0.57735027 -0.40534221  0.70543295
           0.00000001 -0.57735026 -0.40534222  0.70543295

       11  1.00000000  0.00000000  0.00000000  1.00000000   4

           0.50000000  0.28867513 -0.40534221  0.70543295
           0.50000000  0.28867513  0.40534221  0.70543295
           0.50000000 -0.28867513  0.19978560  0.61093995
           0.50000000 -0.28867513 -0.19978560  0.61093995

       12 -1.00000000  0.00000000  0.00000000  1.00000000   4

          -0.50000000  0.28867513  0.40534221  0.70543295
          -0.50000000  0.28867513 -0.40534221  0.70543295
          -0.50000000 -0.28867513 -0.19978560  0.61093995
          -0.50000000 -0.28867513  0.19978560  0.61093995

       13 -0.00005000 -1.15467166 -0.81072555  1.41086589   4

          -0.00005000 -0.57732139 -0.40538334  0.70543295
           0.00000000 -0.57735027 -0.40534221  0.70543295
           0.00000000 -0.57735027 -0.40534221  0.70543295
           0.00000000 -0.57735027 -0.40534221  0.70543295

       14 -0.00005000 -1.15467166  0.81072555  1.41086589   4

          -0.00005000 -0.57732139  0.40538334  0.70543295
           0.00000000 -0.57735027  0.40534221  0.70543295
           0.00000000 -0.57735027  0.40534221  0.70543295
           0.00000000 -0.57735027  0.40534221  0.70543295

           V(tetra) =  0.70210892  V(atom)  =  0.70210892

 Rsort:    Faces, edges, and vertexes as break points

 Rmesh:    NINT  =          12
           RINT( 1)=  0.49763003
           RINT( 2)=  0.49765515
           RINT( 3)=  0.49765515
           RINT( 4)=  0.50000000
           RINT( 5)=  0.50000000
           RINT( 6)=  0.57553985
           RINT( 7)=  0.57553985
           RINT( 8)=  0.57554947
           RINT( 9)=  0.57735027
           RINT(10)=  0.61093995
           RINT(11)=  0.70543295
           RINT(12)=  0.70543295
           NSRI( 1)=           3 DSRI( 1)=  0.00001256
           NSRI( 2)=           3 DSRI( 2)=  0.00000000
           NSRI( 3)=           5 DSRI( 3)=  0.00058621
           NSRI( 4)=           3 DSRI( 4)=  0.00000000
           NSRI( 5)=          49 DSRI( 5)=  0.00157375
           NSRI( 6)=           3 DSRI( 6)=  0.00000000
           NSRI( 7)=           3 DSRI( 7)=  0.00000481
           NSRI( 8)=           5 DSRI( 8)=  0.00045020
           NSRI( 9)=          23 DSRI( 9)=  0.00152680
           NSRI(10)=          61 DSRI(10)=  0.00157488
           NSRI(11)=           3 DSRI(11)=  0.00000000

 Setrot:   Number of non equivalent tetrahedra : 56

 Update:   Test convergence and store.

            l     d(l)      D(l)     %
 
            0  0.585330  0.585330  41.5
            1  0.000000  0.585330  41.5
            2  0.000155  0.585485  41.5
            3  0.016899  0.602384  39.8
            4  0.016836  0.619220  38.1
            5  0.066940  0.686159  31.4
            6  0.099203  0.785363  21.5
            7  0.020050  0.805413  19.5
            8  0.025201  0.830614  16.9
            9  0.006005  0.836619  16.3
           10  0.002515  0.839134  16.1
           11  0.008387  0.847521  15.2
           12  0.033470  0.880991  11.9
           13  0.005016  0.886007  11.4
           14  0.004924  0.890931  10.9
           15  0.002827  0.893758  10.6
           16  0.006028  0.899786  10.0
           17  0.005423  0.905209   9.5
           18  0.008173  0.913382   8.7
           19  0.003051  0.916433   8.4
           20  0.006706  0.923139   7.7
           21  0.001087  0.924226   7.6
           22  0.001642  0.925868   7.4
           23  0.001953  0.927820   7.2
           24  0.007001  0.934822   6.5
           25  0.001735  0.936557   6.3
           26  0.001847  0.938403   6.2
           27  0.001575  0.939978   6.0
           28  0.001967  0.941945   5.8
           29  0.001500  0.943446   5.7
           30  0.003160  0.946606   5.3

           Number of non-vanishing shape functions :  90

           Sigma(0,1)  =  3.544908
           Sigma(0,NSR)= -0.000000

                     Volume
           Inscribed     0.5161885277
           Integrated    0.1859204473
           Summed        0.7021089750
           Exact         0.7021089187

           Error :   0.000008 %

           Site number :   2

 Blatts:   Si  =  0.497630 WSA =  0.551364 Sc  =  0.705433

           NSC =   24 NVN =   14

        1 -0.49995000  0.28864626 -0.81072555  0.99526006   6

           0.00005000 -0.00002887 -0.61093995  0.61093995
          -0.49994999 -0.28870400 -0.40538333  0.70543295
          -0.50000000 -0.28867513 -0.40534221  0.70543295
          -0.50000000  0.28867513 -0.19978560  0.61093995
          -0.00000001  0.57735026 -0.40534222  0.70543295
           0.00005000  0.57732139 -0.40538334  0.70543295

        2 -0.49995000  0.28864626  0.81072555  0.99526006   6

           0.00005000 -0.00002887  0.61093995  0.61093995
           0.00005000  0.57732139  0.40538334  0.70543295
          -0.00000001  0.57735026  0.40534222  0.70543295
          -0.50000000  0.28867513  0.19978560  0.61093995
          -0.50000000 -0.28867513  0.40534221  0.70543295
          -0.49994999 -0.28870400  0.40538333  0.70543295

        3  0.50005000  0.28864626 -0.81072555  0.99531030   6

           0.00005000 -0.00002887 -0.61093995  0.61093995
           0.00005000  0.57732139 -0.40538334  0.70543295
           0.00005001  0.57732140 -0.40538333  0.70543295
           0.50000000  0.28867513 -0.19978560  0.61093995
           0.50000000 -0.28867513 -0.40534221  0.70543295
           0.49999999 -0.28867514 -0.40534222  0.70543295

        4  0.50005000  0.28864626  0.81072555  0.99531030   6

           0.00005000 -0.00002887  0.61093995  0.61093995
           0.49999999 -0.28867514  0.40534222  0.70543295
           0.50000000 -0.28867513  0.40534221  0.70543295
           0.50000000  0.28867513  0.19978560  0.61093995
           0.00005001  0.57732140  0.40538333  0.70543295
           0.00005000  0.57732139  0.40538334  0.70543295

        5  0.00005000 -0.57737914 -0.81072555  0.99531030   4

           0.00005000 -0.00002887 -0.61093995  0.61093995
           0.49999999 -0.28867514 -0.40534222  0.70543295
           0.00000000 -0.57735027 -0.19978560  0.61093995
          -0.49994999 -0.28870400 -0.40538333  0.70543295

        6  0.00005000 -0.57737914  0.81072555  0.99531030   4

           0.00005000 -0.00002887  0.61093995  0.61093995
          -0.49994999 -0.28870400  0.40538333  0.70543295
           0.00000000 -0.57735027  0.19978560  0.61093995
           0.49999999 -0.28867514  0.40534222  0.70543295

        7  0.50000000 -0.86602540  0.00000000  1.00000000   6

           0.49999999 -0.28867514 -0.40534222  0.70543295
           0.50000000 -0.28867513 -0.40534221  0.70543295
           0.50000000 -0.28867513  0.40534221  0.70543295
           0.49999999 -0.28867514  0.40534222  0.70543295
           0.00000000 -0.57735027  0.19978560  0.61093995
           0.00000000 -0.57735027 -0.19978560  0.61093995

        8 -0.50000000  0.86602540  0.00000000  1.00000000   6

          -0.50000000  0.28867513 -0.19978560  0.61093995
          -0.50000000  0.28867513  0.19978560  0.61093995
          -0.00000001  0.57735026  0.40534222  0.70543295
           0.00000000  0.57735027  0.40534221  0.70543295
           0.00000000  0.57735027 -0.40534221  0.70543295
          -0.00000001  0.57735026 -0.40534222  0.70543295

        9  0.50000000  0.86602540  0.00000000  1.00000000   6

           0.50000000  0.28867513 -0.19978560  0.61093995
           0.00005001  0.57732140 -0.40538333  0.70543295
           0.00000000  0.57735027 -0.40534221  0.70543295
           0.00000000  0.57735027  0.40534221  0.70543295
           0.00005001  0.57732140  0.40538333  0.70543295
           0.50000000  0.28867513  0.19978560  0.61093995

       10 -0.50000000 -0.86602540  0.00000000  1.00000000   6

          -0.49994999 -0.28870400 -0.40538333  0.70543295
           0.00000000 -0.57735027 -0.19978560  0.61093995
           0.00000000 -0.57735027  0.19978560  0.61093995
          -0.49994999 -0.28870400  0.40538333  0.70543295
          -0.50000000 -0.28867513  0.40534221  0.70543295
          -0.50000000 -0.28867513 -0.40534221  0.70543295

       11  1.00000000  0.00000000  0.00000000  1.00000000   4

           0.50000000 -0.28867513 -0.40534221  0.70543295
           0.50000000  0.28867513 -0.19978560  0.61093995
           0.50000000  0.28867513  0.19978560  0.61093995
           0.50000000 -0.28867513  0.40534221  0.70543295

       12 -1.00000000  0.00000000  0.00000000  1.00000000   4

          -0.50000000  0.28867513 -0.19978560  0.61093995
          -0.50000000 -0.28867513 -0.40534221  0.70543295
          -0.50000000 -0.28867513  0.40534221  0.70543295
          -0.50000000  0.28867513  0.19978560  0.61093995

       13  0.00005000  1.15467166 -0.81072555  1.41086589   4

           0.00005000  0.57732139 -0.40538334  0.70543295
           0.00000000  0.57735027 -0.40534221  0.70543295
           0.00000000  0.57735027 -0.40534221  0.70543295
           0.00000000  0.57735027 -0.40534221  0.70543295

       14  0.00005000  1.15467166  0.81072555  1.41086589   4

           0.00005000  0.57732139  0.40538334  0.70543295
           0.00000000  0.57735027  0.40534221  0.70543295
           0.00000000  0.57735027  0.40534221  0.70543295
           0.00000000  0.57735027  0.40534221  0.70543295

           V(tetra) =  0.70210892  V(atom)  =  0.70210892

 Rsort:    Faces, edges, and vertexes as break points

 Rmesh:    NINT  =          12
           RINT( 1)=  0.49763003
           RINT( 2)=  0.49765515
           RINT( 3)=  0.49765515
           RINT( 4)=  0.50000000
           RINT( 5)=  0.50000000
           RINT( 6)=  0.57553985
           RINT( 7)=  0.57553985
           RINT( 8)=  0.57554947
           RINT( 9)=  0.57735027
           RINT(10)=  0.61093995
           RINT(11)=  0.70543295
           RINT(12)=  0.70543295
           NSRI( 1)=           3 DSRI( 1)=  0.00001256
           NSRI( 2)=           3 DSRI( 2)=  0.00000000
           NSRI( 3)=           5 DSRI( 3)=  0.00058621
           NSRI( 4)=           3 DSRI( 4)=  0.00000000
           NSRI( 5)=          49 DSRI( 5)=  0.00157375
           NSRI( 6)=           3 DSRI( 6)=  0.00000000
           NSRI( 7)=           3 DSRI( 7)=  0.00000481
           NSRI( 8)=           5 DSRI( 8)=  0.00045020
           NSRI( 9)=          23 DSRI( 9)=  0.00152680
           NSRI(10)=          61 DSRI(10)=  0.00157488
           NSRI(11)=           3 DSRI(11)=  0.00000000

 Setrot:   Number of non equivalent tetrahedra : 56

 Update:   Test convergence and store.

            l     d(l)      D(l)     %
 
            0  0.585330  0.585330  41.5
            1  0.000000  0.585330  41.5
            2  0.000155  0.585485  41.5
            3  0.016899  0.602384  39.8
            4  0.016836  0.619220  38.1
            5  0.066940  0.686159  31.4
            6  0.099203  0.785363  21.5
            7  0.020050  0.805413  19.5
            8  0.025201  0.830614  16.9
            9  0.006005  0.836619  16.3
           10  0.002515  0.839134  16.1
           11  0.008387  0.847521  15.2
           12  0.033470  0.880991  11.9
           13  0.005016  0.886007  11.4
           14  0.004924  0.890931  10.9
           15  0.002827  0.893758  10.6
           16  0.006028  0.899786  10.0
           17  0.005423  0.905209   9.5
           18  0.008173  0.913382   8.7
           19  0.003051  0.916433   8.4
           20  0.006706  0.923139   7.7
           21  0.001087  0.924226   7.6
           22  0.001642  0.925868   7.4
           23  0.001953  0.927820   7.2
           24  0.007001  0.934822   6.5
           25  0.001735  0.936557   6.3
           26  0.001847  0.938403   6.2
           27  0.001575  0.939978   6.0
           28  0.001967  0.941945   5.8
           29  0.001500  0.943446   5.7
           30  0.003160  0.946606   5.3

           Number of non-vanishing shape functions :  90

           Sigma(0,1)  =  3.544908
           Sigma(0,NSR)= -0.000000

                     Volume
           Inscribed     0.5161885277
           Integrated    0.1859204473
           Summed        0.7021089750
           Exact         0.7021089187

           Error :   0.000008 %
