 Fhndlr:   Program: SHAPE, Version: HLS 03 Apr 2002                  TM: 11:43
                                                                     14-Jan-26

           FOR001: ../smx/Co_1.50.tfh                                          
           FOR002: ./Co_1.50.shp                                               
           FOR006: ./Co_1.50.prn                                               
           FOR050: ./Co_1.50.log                                               

 Input:    NSR =  129 Lmax=   30 NFI =   11 IVEF=    3

 Strinp:   Slope & Madelung matrices, Lat= hex, Job=Co_1.50    11:41/14-Jan-26  

           Site number :   1

 Blatts:   Si  =  0.473242 WSA =  0.537239 Sc  =  0.688446

           NSC =   18 NVN =   12

        1  0.00000000 -0.57735026 -0.75000000  0.94648472   6

          -0.00000000  0.00000001 -0.59722222  0.59722222
           0.50000000 -0.28867513 -0.37500000  0.68844632
           0.50000000 -0.28867513 -0.37500000  0.68844632
           0.00000000 -0.57735027 -0.15277778  0.59722222
          -0.50000000 -0.28867513 -0.37500000  0.68844632
          -0.50000000 -0.28867513 -0.37500000  0.68844632

        2  0.00000000 -0.57735026  0.75000000  0.94648472   6

          -0.00000000  0.00000001  0.59722222  0.59722222
          -0.50000000 -0.28867513  0.37500000  0.68844632
          -0.50000000 -0.28867513  0.37500000  0.68844632
           0.00000000 -0.57735027  0.15277778  0.59722222
           0.50000000 -0.28867513  0.37500000  0.68844632
           0.50000000 -0.28867513  0.37500000  0.68844632

        3  0.50000000  0.28867514 -0.75000000  0.94648473   4

          -0.00000000  0.00000001 -0.59722222  0.59722222
           0.00000000  0.57735027 -0.37500000  0.68844632
           0.50000000  0.28867513 -0.15277778  0.59722222
           0.50000000 -0.28867513 -0.37500000  0.68844632

        4  0.50000000  0.28867514  0.75000000  0.94648473   4

          -0.00000000  0.00000001  0.59722222  0.59722222
           0.50000000 -0.28867513  0.37500000  0.68844632
           0.50000000  0.28867513  0.15277778  0.59722222
           0.00000000  0.57735027  0.37500000  0.68844632

        5 -0.50000000  0.28867514 -0.75000000  0.94648473   4

          -0.00000000  0.00000001 -0.59722222  0.59722222
          -0.50000000 -0.28867513 -0.37500000  0.68844632
          -0.50000000  0.28867513 -0.15277778  0.59722222
           0.00000000  0.57735027 -0.37500000  0.68844632

        6 -0.50000000  0.28867514  0.75000000  0.94648473   4

          -0.00000000  0.00000001  0.59722222  0.59722222
           0.00000000  0.57735027  0.37500000  0.68844632
          -0.50000000  0.28867513  0.15277778  0.59722222
          -0.50000000 -0.28867513  0.37500000  0.68844632

        7  0.50000000 -0.86602540  0.00000000  1.00000000   4

           0.00000000 -0.57735027 -0.15277778  0.59722222
           0.50000000 -0.28867513 -0.37500000  0.68844632
           0.50000000 -0.28867513  0.37500000  0.68844632
           0.00000000 -0.57735027  0.15277778  0.59722222

        8 -0.50000000  0.86602540  0.00000000  1.00000000   4

           0.00000000  0.57735027 -0.37500000  0.68844632
          -0.50000000  0.28867513 -0.15277778  0.59722222
          -0.50000000  0.28867513  0.15277778  0.59722222
           0.00000000  0.57735027  0.37500000  0.68844632

        9 -0.50000000 -0.86602540  0.00000000  1.00000000   4

           0.00000000 -0.57735027 -0.15277778  0.59722222
           0.00000000 -0.57735027  0.15277778  0.59722222
          -0.50000000 -0.28867513  0.37500000  0.68844632
          -0.50000000 -0.28867513 -0.37500000  0.68844632

       10  0.50000000  0.86602540  0.00000000  1.00000000   4

           0.00000000  0.57735027 -0.37500000  0.68844632
           0.00000000  0.57735027  0.37500000  0.68844632
           0.50000000  0.28867513  0.15277778  0.59722222
           0.50000000  0.28867513 -0.15277778  0.59722222

       11  1.00000000  0.00000000  0.00000000  1.00000000   6

           0.50000000 -0.28867513 -0.37500000  0.68844632
           0.50000000  0.28867513 -0.15277778  0.59722222
           0.50000000  0.28867513  0.15277778  0.59722222
           0.50000000 -0.28867513  0.37500000  0.68844632
           0.50000000 -0.28867513  0.37500000  0.68844632
           0.50000000 -0.28867513 -0.37500000  0.68844632

       12 -1.00000000  0.00000000  0.00000000  1.00000000   6

          -0.50000000 -0.28867513 -0.37500000  0.68844632
          -0.50000000 -0.28867513 -0.37500000  0.68844632
          -0.50000000 -0.28867513  0.37500000  0.68844632
          -0.50000000 -0.28867513  0.37500000  0.68844632
          -0.50000000  0.28867513  0.15277778  0.59722222
          -0.50000000  0.28867513 -0.15277778  0.59722222

           V(tetra) =  0.64951905  V(atom)  =  0.64951905

 Rsort:    Faces, edges, and vertexes as break points

 Rmesh:    NINT  =           9
           RINT( 1)=  0.47324236
           RINT( 2)=  0.47324236
           RINT( 3)=  0.50000000
           RINT( 4)=  0.50000000
           RINT( 5)=  0.55736153
           RINT( 6)=  0.55736154
           RINT( 7)=  0.57735027
           RINT( 8)=  0.59722222
           RINT( 9)=  0.68844632
           NSRI( 1)=           3 DSRI( 1)=  0.00000000
           NSRI( 2)=          19 DSRI( 2)=  0.00148654
           NSRI( 3)=           3 DSRI( 3)=  0.00000000
           NSRI( 4)=          37 DSRI( 4)=  0.00159338
           NSRI( 5)=           3 DSRI( 5)=  0.00000000
           NSRI( 6)=          15 DSRI( 6)=  0.00142777
           NSRI( 7)=          15 DSRI( 7)=  0.00141943
           NSRI( 8)=          57 DSRI( 8)=  0.00162900

 Setrot:   Number of non equivalent tetrahedra : 25

 Update:   Test convergence and store.

            l     d(l)      D(l)     %
 
            0  0.634251  0.634251  36.6
            1  0.000000  0.634251  36.6
            2  0.013664  0.647915  35.2
            3  0.022724  0.670638  32.9
            4  0.007306  0.677944  32.2
            5  0.064793  0.742738  25.7
            6  0.075765  0.818502  18.1
            7  0.018357  0.836859  16.3
            8  0.017754  0.854613  14.5
            9  0.001619  0.856231  14.4
           10  0.011792  0.868024  13.2
           11  0.010810  0.878834  12.1
           12  0.018419  0.897253  10.3
           13  0.003319  0.900572   9.9
           14  0.006772  0.907343   9.3
           15  0.003864  0.911207   8.9
           16  0.004951  0.916158   8.4
           17  0.004740  0.920898   7.9
           18  0.006991  0.927889   7.2
           19  0.002267  0.930156   7.0
           20  0.003116  0.933272   6.7
           21  0.000938  0.934209   6.6
           22  0.004859  0.939068   6.1
           23  0.002405  0.941473   5.9
           24  0.002941  0.944413   5.6
           25  0.001314  0.945727   5.4
           26  0.001837  0.947564   5.2
           27  0.001949  0.949513   5.0
           28  0.002121  0.951634   4.8
           29  0.000792  0.952425   4.8
           30  0.002825  0.955250   4.5

           Number of non-vanishing shape functions :  91

           Sigma(0,1)  =  3.544908
           Sigma(0,NSR)= -0.000000

                     Volume
           Inscribed     0.4439555013
           Integrated    0.2055636780
           Summed        0.6495191792
           Exact         0.6495190500

           Error :   0.000020 %

           Site number :   2

 Blatts:   Si  =  0.473242 WSA =  0.537239 Sc  =  0.688446

           NSC =   18 NVN =   12

        1  0.00000000  0.57735026  0.75000000  0.94648472   6

          -0.00000000 -0.00000001  0.59722222  0.59722222
           0.50000000  0.28867513  0.37500000  0.68844632
           0.50000000  0.28867513  0.37500000  0.68844632
           0.00000000  0.57735027  0.15277778  0.59722222
          -0.50000000  0.28867513  0.37500000  0.68844632
          -0.50000000  0.28867513  0.37500000  0.68844632

        2  0.00000000  0.57735026 -0.75000000  0.94648472   6

          -0.00000000 -0.00000001 -0.59722222  0.59722222
          -0.50000000  0.28867513 -0.37500000  0.68844632
          -0.50000000  0.28867513 -0.37500000  0.68844632
           0.00000000  0.57735027 -0.15277778  0.59722222
           0.50000000  0.28867513 -0.37500000  0.68844632
           0.50000000  0.28867513 -0.37500000  0.68844632

        3  0.50000000 -0.28867514  0.75000000  0.94648473   4

          -0.00000000 -0.00000001  0.59722222  0.59722222
           0.00000000 -0.57735027  0.37500000  0.68844632
           0.50000000 -0.28867513  0.15277778  0.59722222
           0.50000000  0.28867513  0.37500000  0.68844632

        4  0.50000000 -0.28867514 -0.75000000  0.94648473   4

          -0.00000000 -0.00000001 -0.59722222  0.59722222
           0.50000000  0.28867513 -0.37500000  0.68844632
           0.50000000 -0.28867513 -0.15277778  0.59722222
           0.00000000 -0.57735027 -0.37500000  0.68844632

        5 -0.50000000 -0.28867514 -0.75000000  0.94648473   4

          -0.00000000 -0.00000001 -0.59722222  0.59722222
           0.00000000 -0.57735027 -0.37500000  0.68844632
          -0.50000000 -0.28867513 -0.15277778  0.59722222
          -0.50000000  0.28867513 -0.37500000  0.68844632

        6 -0.50000000 -0.28867514  0.75000000  0.94648473   4

          -0.00000000 -0.00000001  0.59722222  0.59722222
          -0.50000000  0.28867513  0.37500000  0.68844632
          -0.50000000 -0.28867513  0.15277778  0.59722222
           0.00000000 -0.57735027  0.37500000  0.68844632

        7 -0.50000000  0.86602540  0.00000000  1.00000000   4

           0.00000000  0.57735027  0.15277778  0.59722222
           0.00000000  0.57735027 -0.15277778  0.59722222
          -0.50000000  0.28867513 -0.37500000  0.68844632
          -0.50000000  0.28867513  0.37500000  0.68844632

        8  0.50000000  0.86602540  0.00000000  1.00000000   4

           0.00000000  0.57735027  0.15277778  0.59722222
           0.50000000  0.28867513  0.37500000  0.68844632
           0.50000000  0.28867513 -0.37500000  0.68844632
           0.00000000  0.57735027 -0.15277778  0.59722222

        9 -0.50000000 -0.86602540  0.00000000  1.00000000   4

           0.00000000 -0.57735027  0.37500000  0.68844632
          -0.50000000 -0.28867513  0.15277778  0.59722222
          -0.50000000 -0.28867513 -0.15277778  0.59722222
           0.00000000 -0.57735027 -0.37500000  0.68844632

       10  0.50000000 -0.86602540  0.00000000  1.00000000   4

           0.00000000 -0.57735027  0.37500000  0.68844632
           0.00000000 -0.57735027 -0.37500000  0.68844632
           0.50000000 -0.28867513 -0.15277778  0.59722222
           0.50000000 -0.28867513  0.15277778  0.59722222

       11 -1.00000000  0.00000000  0.00000000  1.00000000   6

          -0.50000000  0.28867513  0.37500000  0.68844632
          -0.50000000  0.28867513  0.37500000  0.68844632
          -0.50000000  0.28867513 -0.37500000  0.68844632
          -0.50000000  0.28867513 -0.37500000  0.68844632
          -0.50000000 -0.28867513 -0.15277778  0.59722222
          -0.50000000 -0.28867513  0.15277778  0.59722222

       12  1.00000000  0.00000000  0.00000000  1.00000000   6

           0.50000000  0.28867513  0.37500000  0.68844632
           0.50000000 -0.28867513  0.15277778  0.59722222
           0.50000000 -0.28867513 -0.15277778  0.59722222
           0.50000000  0.28867513 -0.37500000  0.68844632
           0.50000000  0.28867513 -0.37500000  0.68844632
           0.50000000  0.28867513  0.37500000  0.68844632

           V(tetra) =  0.64951905  V(atom)  =  0.64951905

 Rsort:    Faces, edges, and vertexes as break points

 Rmesh:    NINT  =           9
           RINT( 1)=  0.47324236
           RINT( 2)=  0.47324236
           RINT( 3)=  0.50000000
           RINT( 4)=  0.50000000
           RINT( 5)=  0.55736153
           RINT( 6)=  0.55736154
           RINT( 7)=  0.57735027
           RINT( 8)=  0.59722222
           RINT( 9)=  0.68844632
           NSRI( 1)=           3 DSRI( 1)=  0.00000000
           NSRI( 2)=          19 DSRI( 2)=  0.00148654
           NSRI( 3)=           3 DSRI( 3)=  0.00000000
           NSRI( 4)=          37 DSRI( 4)=  0.00159338
           NSRI( 5)=           3 DSRI( 5)=  0.00000000
           NSRI( 6)=          15 DSRI( 6)=  0.00142777
           NSRI( 7)=          15 DSRI( 7)=  0.00141943
           NSRI( 8)=          57 DSRI( 8)=  0.00162900

 Setrot:   Number of non equivalent tetrahedra : 25

 Update:   Test convergence and store.

            l     d(l)      D(l)     %
 
            0  0.634251  0.634251  36.6
            1  0.000000  0.634251  36.6
            2  0.013664  0.647915  35.2
            3  0.022724  0.670638  32.9
            4  0.007306  0.677944  32.2
            5  0.064793  0.742738  25.7
            6  0.075765  0.818502  18.1
            7  0.018357  0.836859  16.3
            8  0.017754  0.854613  14.5
            9  0.001619  0.856231  14.4
           10  0.011792  0.868024  13.2
           11  0.010810  0.878834  12.1
           12  0.018419  0.897253  10.3
           13  0.003319  0.900572   9.9
           14  0.006772  0.907343   9.3
           15  0.003864  0.911207   8.9
           16  0.004951  0.916158   8.4
           17  0.004740  0.920898   7.9
           18  0.006991  0.927889   7.2
           19  0.002267  0.930156   7.0
           20  0.003116  0.933272   6.7
           21  0.000938  0.934209   6.6
           22  0.004859  0.939068   6.1
           23  0.002405  0.941473   5.9
           24  0.002941  0.944413   5.6
           25  0.001314  0.945727   5.4
           26  0.001837  0.947564   5.2
           27  0.001949  0.949513   5.0
           28  0.002121  0.951634   4.8
           29  0.000792  0.952425   4.8
           30  0.002825  0.955250   4.5

           Number of non-vanishing shape functions :  91

           Sigma(0,1)  =  3.544908
           Sigma(0,NSR)= -0.000000

                     Volume
           Inscribed     0.4439555013
           Integrated    0.2055636780
           Summed        0.6495191792
           Exact         0.6495190500

           Error :   0.000020 %
