 Fhndlr:   Program: SHAPE, Version: HLS 03 Apr 2002                  TM: 15:31
                                                                     14-Jan-26

           FOR001: ../smx/Co_1.60.tfh                                          
           FOR002: ./Co_1.60.shp                                               
           FOR006: ./Co_1.60.prn                                               
           FOR050: ./Co_1.60.log                                               

 Input:    NSR =  129 Lmax=   30 NFI =   11 IVEF=    3

 Strinp:   Slope & Madelung matrices, Lat= hex, Job=Co_1.60    15:31/14-Jan-26  

           Site number :   1

 Blatts:   Si  =  0.493288 WSA =  0.548922 Sc  =  0.702377

           NSC =   18 NVN =   12

        1  0.00000000 -0.57735026 -0.80000000  0.98657657   6

           0.00000000  0.00000001 -0.60833333  0.60833333
           0.50000000 -0.28867513 -0.40000000  0.70237691
           0.50000000 -0.28867513 -0.40000000  0.70237691
           0.00000000 -0.57735027 -0.19166667  0.60833333
          -0.50000000 -0.28867513 -0.40000000  0.70237691
          -0.50000000 -0.28867513 -0.40000000  0.70237691

        2  0.00000000 -0.57735026  0.80000000  0.98657657   6

          -0.00000000  0.00000001  0.60833333  0.60833333
          -0.50000000 -0.28867513  0.40000000  0.70237691
          -0.50000000 -0.28867513  0.40000000  0.70237691
           0.00000000 -0.57735027  0.19166667  0.60833333
           0.50000000 -0.28867513  0.40000000  0.70237691
           0.50000000 -0.28867513  0.40000000  0.70237691

        3 -0.50000000  0.28867514 -0.80000000  0.98657657   4

           0.00000000  0.00000001 -0.60833333  0.60833333
          -0.50000000 -0.28867513 -0.40000000  0.70237691
          -0.50000000  0.28867513 -0.19166667  0.60833333
          -0.00000000  0.57735027 -0.40000000  0.70237691

        4  0.50000000  0.28867514 -0.80000000  0.98657657   4

           0.00000000  0.00000001 -0.60833333  0.60833333
          -0.00000000  0.57735027 -0.40000000  0.70237691
           0.50000000  0.28867513 -0.19166667  0.60833333
           0.50000000 -0.28867513 -0.40000000  0.70237691

        5  0.50000000  0.28867514  0.80000000  0.98657657   4

          -0.00000000  0.00000001  0.60833333  0.60833333
           0.50000000 -0.28867513  0.40000000  0.70237691
           0.50000000  0.28867513  0.19166667  0.60833333
           0.00000000  0.57735027  0.40000000  0.70237691

        6 -0.50000000  0.28867514  0.80000000  0.98657657   4

          -0.00000000  0.00000001  0.60833333  0.60833333
           0.00000000  0.57735027  0.40000000  0.70237691
          -0.50000000  0.28867513  0.19166667  0.60833333
          -0.50000000 -0.28867513  0.40000000  0.70237691

        7  0.50000000 -0.86602540  0.00000000  1.00000000   4

           0.00000000 -0.57735027 -0.19166667  0.60833333
           0.50000000 -0.28867513 -0.40000000  0.70237691
           0.50000000 -0.28867513  0.40000000  0.70237691
           0.00000000 -0.57735027  0.19166667  0.60833333

        8  0.50000000  0.86602540  0.00000000  1.00000000   4

          -0.00000000  0.57735027 -0.40000000  0.70237691
           0.00000000  0.57735027  0.40000000  0.70237691
           0.50000000  0.28867513  0.19166667  0.60833333
           0.50000000  0.28867513 -0.19166667  0.60833333

        9 -0.50000000 -0.86602540  0.00000000  1.00000000   4

           0.00000000 -0.57735027 -0.19166667  0.60833333
           0.00000000 -0.57735027  0.19166667  0.60833333
          -0.50000000 -0.28867513  0.40000000  0.70237691
          -0.50000000 -0.28867513 -0.40000000  0.70237691

       10 -0.50000000  0.86602540  0.00000000  1.00000000   4

          -0.00000000  0.57735027 -0.40000000  0.70237691
          -0.50000000  0.28867513 -0.19166667  0.60833333
          -0.50000000  0.28867513  0.19166667  0.60833333
           0.00000000  0.57735027  0.40000000  0.70237691

       11  1.00000000  0.00000000  0.00000000  1.00000000   6

           0.50000000 -0.28867513 -0.40000000  0.70237691
           0.50000000  0.28867513 -0.19166667  0.60833333
           0.50000000  0.28867513  0.19166667  0.60833333
           0.50000000 -0.28867513  0.40000000  0.70237691
           0.50000000 -0.28867513  0.40000000  0.70237691
           0.50000000 -0.28867513 -0.40000000  0.70237691

       12 -1.00000000  0.00000000  0.00000000  1.00000000   6

          -0.50000000 -0.28867513 -0.40000000  0.70237691
          -0.50000000 -0.28867513 -0.40000000  0.70237691
          -0.50000000 -0.28867513  0.40000000  0.70237691
          -0.50000000 -0.28867513  0.40000000  0.70237691
          -0.50000000  0.28867513  0.19166667  0.60833333
          -0.50000000  0.28867513 -0.19166667  0.60833333

           V(tetra) =  0.69282032  V(atom)  =  0.69282032

 Rsort:    Faces, edges, and vertexes as break points

 Rmesh:    NINT  =           9
           RINT( 1)=  0.49328828
           RINT( 2)=  0.49328829
           RINT( 3)=  0.50000000
           RINT( 4)=  0.50000000
           RINT( 5)=  0.57221911
           RINT( 6)=  0.57221912
           RINT( 7)=  0.57735027
           RINT( 8)=  0.60833333
           RINT( 9)=  0.70237691
           NSRI( 1)=           3 DSRI( 1)=  0.00000000
           NSRI( 2)=           7 DSRI( 2)=  0.00111862
           NSRI( 3)=           3 DSRI( 3)=  0.00000000
           NSRI( 4)=          47 DSRI( 4)=  0.00156998
           NSRI( 5)=           3 DSRI( 5)=  0.00000000
           NSRI( 6)=           7 DSRI( 6)=  0.00085519
           NSRI( 7)=          21 DSRI( 7)=  0.00154915
           NSRI( 8)=          61 DSRI( 8)=  0.00156739

 Setrot:   Number of non equivalent tetrahedra : 27

 Update:   Test convergence and store.

            l     d(l)      D(l)     %
 
            0  0.598409  0.598409  40.2
            1  0.000000  0.598409  40.2
            2  0.001180  0.599590  40.0
            3  0.017727  0.617316  38.3
            4  0.013605  0.630921  36.9
            5  0.066535  0.697456  30.3
            6  0.095343  0.792800  20.7
            7  0.019552  0.812352  18.8
            8  0.024106  0.836458  16.4
            9  0.005040  0.841498  15.9
           10  0.003092  0.844590  15.5
           11  0.008998  0.853588  14.6
           12  0.031290  0.884879  11.5
           13  0.004612  0.889491  11.1
           14  0.005195  0.894686  10.5
           15  0.002874  0.897559  10.2
           16  0.005572  0.903132   9.7
           17  0.005453  0.908584   9.1
           18  0.007824  0.916408   8.4
           19  0.002887  0.919295   8.1
           20  0.006334  0.925629   7.4
           21  0.000896  0.926525   7.3
           22  0.002045  0.928570   7.1
           23  0.002188  0.930758   6.9
           24  0.006150  0.936908   6.3
           25  0.001557  0.938466   6.2
           26  0.001969  0.940435   6.0
           27  0.001680  0.942116   5.8
           28  0.001942  0.944057   5.6
           29  0.001350  0.945408   5.5
           30  0.003016  0.948423   5.2

           Number of non-vanishing shape functions :  90

           Sigma(0,1)  =  3.544908
           Sigma(0,NSR)= -0.000000

                     Volume
           Inscribed     0.5027950695
           Integrated    0.1900253201
           Summed        0.6928203896
           Exact         0.6928203200

           Error :   0.000010 %

           Site number :   2

 Blatts:   Si  =  0.493288 WSA =  0.548922 Sc  =  0.702377

           NSC =   18 NVN =   12

        1  0.00000000  0.57735026  0.80000000  0.98657657   6

           0.00000000 -0.00000001  0.60833333  0.60833333
           0.50000000  0.28867513  0.40000000  0.70237691
           0.50000000  0.28867513  0.40000000  0.70237691
           0.00000000  0.57735027  0.19166667  0.60833333
          -0.50000000  0.28867513  0.40000000  0.70237691
          -0.50000000  0.28867513  0.40000000  0.70237691

        2  0.00000000  0.57735026 -0.80000000  0.98657657   6

           0.00000000 -0.00000001 -0.60833333  0.60833333
          -0.50000000  0.28867513 -0.40000000  0.70237691
          -0.50000000  0.28867513 -0.40000000  0.70237691
           0.00000000  0.57735027 -0.19166667  0.60833333
           0.50000000  0.28867513 -0.40000000  0.70237691
           0.50000000  0.28867513 -0.40000000  0.70237691

        3  0.50000000 -0.28867514  0.80000000  0.98657657   4

           0.00000000 -0.00000001  0.60833333  0.60833333
           0.00000000 -0.57735027  0.40000000  0.70237691
           0.50000000 -0.28867513  0.19166667  0.60833333
           0.50000000  0.28867513  0.40000000  0.70237691

        4 -0.50000000 -0.28867514  0.80000000  0.98657657   4

           0.00000000 -0.00000001  0.60833333  0.60833333
          -0.50000000  0.28867513  0.40000000  0.70237691
          -0.50000000 -0.28867513  0.19166667  0.60833333
           0.00000000 -0.57735027  0.40000000  0.70237691

        5 -0.50000000 -0.28867514 -0.80000000  0.98657657   4

           0.00000000 -0.00000001 -0.60833333  0.60833333
           0.00000000 -0.57735027 -0.40000000  0.70237691
          -0.50000000 -0.28867513 -0.19166667  0.60833333
          -0.50000000  0.28867513 -0.40000000  0.70237691

        6  0.50000000 -0.28867514 -0.80000000  0.98657657   4

           0.00000000 -0.00000001 -0.60833333  0.60833333
           0.50000000  0.28867513 -0.40000000  0.70237691
           0.50000000 -0.28867513 -0.19166667  0.60833333
           0.00000000 -0.57735027 -0.40000000  0.70237691

        7 -0.50000000  0.86602540  0.00000000  1.00000000   4

           0.00000000  0.57735027  0.19166667  0.60833333
           0.00000000  0.57735027 -0.19166667  0.60833333
          -0.50000000  0.28867513 -0.40000000  0.70237691
          -0.50000000  0.28867513  0.40000000  0.70237691

        8  0.50000000  0.86602540  0.00000000  1.00000000   4

           0.00000000  0.57735027  0.19166667  0.60833333
           0.50000000  0.28867513  0.40000000  0.70237691
           0.50000000  0.28867513 -0.40000000  0.70237691
           0.00000000  0.57735027 -0.19166667  0.60833333

        9 -0.50000000 -0.86602540  0.00000000  1.00000000   4

           0.00000000 -0.57735027  0.40000000  0.70237691
          -0.50000000 -0.28867513  0.19166667  0.60833333
          -0.50000000 -0.28867513 -0.19166667  0.60833333
           0.00000000 -0.57735027 -0.40000000  0.70237691

       10  0.50000000 -0.86602540  0.00000000  1.00000000   4

           0.00000000 -0.57735027  0.40000000  0.70237691
           0.00000000 -0.57735027 -0.40000000  0.70237691
           0.50000000 -0.28867513 -0.19166667  0.60833333
           0.50000000 -0.28867513  0.19166667  0.60833333

       11  1.00000000  0.00000000  0.00000000  1.00000000   6

           0.50000000  0.28867513  0.40000000  0.70237691
           0.50000000 -0.28867513  0.19166667  0.60833333
           0.50000000 -0.28867513 -0.19166667  0.60833333
           0.50000000  0.28867513 -0.40000000  0.70237691
           0.50000000  0.28867513 -0.40000000  0.70237691
           0.50000000  0.28867513  0.40000000  0.70237691

       12 -1.00000000  0.00000000  0.00000000  1.00000000   6

          -0.50000000  0.28867513  0.40000000  0.70237691
          -0.50000000  0.28867513  0.40000000  0.70237691
          -0.50000000  0.28867513 -0.40000000  0.70237691
          -0.50000000  0.28867513 -0.40000000  0.70237691
          -0.50000000 -0.28867513 -0.19166667  0.60833333
          -0.50000000 -0.28867513  0.19166667  0.60833333

           V(tetra) =  0.69282032  V(atom)  =  0.69282032

 Rsort:    Faces, edges, and vertexes as break points

 Rmesh:    NINT  =           9
           RINT( 1)=  0.49328828
           RINT( 2)=  0.49328829
           RINT( 3)=  0.50000000
           RINT( 4)=  0.50000000
           RINT( 5)=  0.57221911
           RINT( 6)=  0.57221912
           RINT( 7)=  0.57735027
           RINT( 8)=  0.60833333
           RINT( 9)=  0.70237691
           NSRI( 1)=           3 DSRI( 1)=  0.00000000
           NSRI( 2)=           7 DSRI( 2)=  0.00111862
           NSRI( 3)=           3 DSRI( 3)=  0.00000000
           NSRI( 4)=          47 DSRI( 4)=  0.00156998
           NSRI( 5)=           3 DSRI( 5)=  0.00000000
           NSRI( 6)=           7 DSRI( 6)=  0.00085519
           NSRI( 7)=          21 DSRI( 7)=  0.00154915
           NSRI( 8)=          61 DSRI( 8)=  0.00156739

 Setrot:   Number of non equivalent tetrahedra : 27

 Update:   Test convergence and store.

            l     d(l)      D(l)     %
 
            0  0.598409  0.598409  40.2
            1  0.000000  0.598409  40.2
            2  0.001180  0.599590  40.0
            3  0.017727  0.617316  38.3
            4  0.013605  0.630921  36.9
            5  0.066535  0.697456  30.3
            6  0.095343  0.792800  20.7
            7  0.019552  0.812352  18.8
            8  0.024106  0.836458  16.4
            9  0.005040  0.841498  15.9
           10  0.003092  0.844590  15.5
           11  0.008998  0.853588  14.6
           12  0.031290  0.884879  11.5
           13  0.004612  0.889491  11.1
           14  0.005195  0.894686  10.5
           15  0.002874  0.897559  10.2
           16  0.005572  0.903132   9.7
           17  0.005453  0.908584   9.1
           18  0.007824  0.916408   8.4
           19  0.002887  0.919295   8.1
           20  0.006334  0.925629   7.4
           21  0.000896  0.926525   7.3
           22  0.002045  0.928570   7.1
           23  0.002188  0.930758   6.9
           24  0.006150  0.936908   6.3
           25  0.001557  0.938466   6.2
           26  0.001969  0.940435   6.0
           27  0.001680  0.942116   5.8
           28  0.001942  0.944057   5.6
           29  0.001350  0.945408   5.5
           30  0.003016  0.948423   5.2

           Number of non-vanishing shape functions :  90

           Sigma(0,1)  =  3.544908
           Sigma(0,NSR)= -0.000000

                     Volume
           Inscribed     0.5027950695
           Integrated    0.1900253201
           Summed        0.6928203896
           Exact         0.6928203200

           Error :   0.000010 %
