 Fhndlr:   Program: SHAPE, Version: HLS 03 Apr 2002                  TM: 15:26
                                                                     14-Jan-26

           FOR001: ../smx/Co_1.40.tfh                                          
           FOR002: ./Co_1.40.shp                                               
           FOR006: ./Co_1.40.prn                                               
           FOR050: ./Co_1.40.log                                               

 Input:    NSR =  129 Lmax=   30 NFI =   11 IVEF=    3

 Strinp:   Slope & Madelung matrices, Lat= hex, Job=Co_1.40    15:26/14-Jan-26  

           Site number :   1

 Blatts:   Si  =  0.453689 WSA =  0.525025 Sc  =  0.675154

           NSC =   18 NVN =   12

        1  0.00000000 -0.57735026  0.70000000  0.90737717   6

          -0.00000000  0.00000001  0.58809524  0.58809524
          -0.50000000 -0.28867513  0.35000000  0.67515430
          -0.50000000 -0.28867513  0.35000000  0.67515430
           0.00000000 -0.57735027  0.11190476  0.58809524
           0.50000000 -0.28867513  0.35000000  0.67515430
           0.50000000 -0.28867513  0.35000000  0.67515430

        2  0.00000000 -0.57735026 -0.70000000  0.90737717   6

           0.00000000  0.00000001 -0.58809524  0.58809524
           0.50000000 -0.28867513 -0.35000000  0.67515430
           0.50000000 -0.28867513 -0.35000000  0.67515430
           0.00000000 -0.57735027 -0.11190476  0.58809524
          -0.50000000 -0.28867513 -0.35000000  0.67515430
          -0.50000000 -0.28867513 -0.35000000  0.67515430

        3  0.50000000  0.28867514  0.70000000  0.90737717   4

          -0.00000000  0.00000001  0.58809524  0.58809524
           0.50000000 -0.28867513  0.35000000  0.67515430
           0.50000000  0.28867513  0.11190476  0.58809524
           0.00000000  0.57735027  0.35000000  0.67515430

        4 -0.50000000  0.28867514  0.70000000  0.90737717   4

          -0.00000000  0.00000001  0.58809524  0.58809524
           0.00000000  0.57735027  0.35000000  0.67515430
          -0.50000000  0.28867513  0.11190476  0.58809524
          -0.50000000 -0.28867513  0.35000000  0.67515430

        5  0.50000000  0.28867514 -0.70000000  0.90737717   4

           0.00000000  0.00000001 -0.58809524  0.58809524
           0.00000000  0.57735027 -0.35000000  0.67515430
           0.50000000  0.28867513 -0.11190476  0.58809524
           0.50000000 -0.28867513 -0.35000000  0.67515430

        6 -0.50000000  0.28867514 -0.70000000  0.90737717   4

           0.00000000  0.00000001 -0.58809524  0.58809524
          -0.50000000 -0.28867513 -0.35000000  0.67515430
          -0.50000000  0.28867513 -0.11190476  0.58809524
           0.00000000  0.57735027 -0.35000000  0.67515430

        7  0.50000000 -0.86602540  0.00000000  1.00000000   4

           0.00000000 -0.57735027  0.11190476  0.58809524
           0.00000000 -0.57735027 -0.11190476  0.58809524
           0.50000000 -0.28867513 -0.35000000  0.67515430
           0.50000000 -0.28867513  0.35000000  0.67515430

        8 -0.50000000  0.86602540  0.00000000  1.00000000   4

           0.00000000  0.57735027  0.35000000  0.67515430
           0.00000000  0.57735027 -0.35000000  0.67515430
          -0.50000000  0.28867513 -0.11190476  0.58809524
          -0.50000000  0.28867513  0.11190476  0.58809524

        9 -0.50000000 -0.86602540  0.00000000  1.00000000   4

           0.00000000 -0.57735027  0.11190476  0.58809524
          -0.50000000 -0.28867513  0.35000000  0.67515430
          -0.50000000 -0.28867513 -0.35000000  0.67515430
           0.00000000 -0.57735027 -0.11190476  0.58809524

       10  0.50000000  0.86602540  0.00000000  1.00000000   4

           0.00000000  0.57735027  0.35000000  0.67515430
           0.50000000  0.28867513  0.11190476  0.58809524
           0.50000000  0.28867513 -0.11190476  0.58809524
           0.00000000  0.57735027 -0.35000000  0.67515430

       11 -1.00000000  0.00000000  0.00000000  1.00000000   6

          -0.50000000 -0.28867513  0.35000000  0.67515430
          -0.50000000  0.28867513  0.11190476  0.58809524
          -0.50000000  0.28867513 -0.11190476  0.58809524
          -0.50000000 -0.28867513 -0.35000000  0.67515430
          -0.50000000 -0.28867513 -0.35000000  0.67515430
          -0.50000000 -0.28867513  0.35000000  0.67515430

       12  1.00000000  0.00000000  0.00000000  1.00000000   6

           0.50000000 -0.28867513  0.35000000  0.67515430
           0.50000000 -0.28867513  0.35000000  0.67515430
           0.50000000 -0.28867513 -0.35000000  0.67515430
           0.50000000 -0.28867513 -0.35000000  0.67515430
           0.50000000  0.28867513 -0.11190476  0.58809524
           0.50000000  0.28867513  0.11190476  0.58809524

           V(tetra) =  0.60621778  V(atom)  =  0.60621778

 Rsort:    Faces, edges, and vertexes as break points

 Rmesh:    NINT  =           9
           RINT( 1)=  0.45368858
           RINT( 2)=  0.45368859
           RINT( 3)=  0.50000000
           RINT( 4)=  0.50000000
           RINT( 5)=  0.54367843
           RINT( 6)=  0.54367844
           RINT( 7)=  0.57735027
           RINT( 8)=  0.58809524
           RINT( 9)=  0.67515430
           NSRI( 1)=           3 DSRI( 1)=  0.00000000
           NSRI( 2)=          29 DSRI( 2)=  0.00165398
           NSRI( 3)=           3 DSRI( 3)=  0.00000000
           NSRI( 4)=          29 DSRI( 4)=  0.00155994
           NSRI( 5)=           3 DSRI( 5)=  0.00000000
           NSRI( 6)=          23 DSRI( 6)=  0.00153054
           NSRI( 7)=           9 DSRI( 7)=  0.00134312
           NSRI( 8)=          53 DSRI( 8)=  0.00167421

 Setrot:   Number of non equivalent tetrahedra : 27

 Update:   Test convergence and store.

            l     d(l)      D(l)     %
 
            0  0.641901  0.641901  35.8
            1  0.000000  0.641901  35.8
            2  0.029524  0.671425  32.9
            3  0.030199  0.701624  29.8
            4  0.012573  0.714197  28.6
            5  0.062651  0.776848  22.3
            6  0.057860  0.834708  16.5
            7  0.018010  0.852718  14.7
            8  0.010673  0.863391  13.7
            9  0.001129  0.864520  13.5
           10  0.019784  0.884305  11.6
           11  0.010529  0.894834  10.5
           12  0.010964  0.905798   9.4
           13  0.002622  0.908420   9.2
           14  0.006071  0.914491   8.6
           15  0.005806  0.920298   8.0
           16  0.004185  0.924482   7.6
           17  0.003460  0.927942   7.2
           18  0.007003  0.934945   6.5
           19  0.001484  0.936429   6.4
           20  0.002737  0.939165   6.1
           21  0.002072  0.941237   5.9
           22  0.003581  0.944819   5.5
           23  0.001790  0.946609   5.3
           24  0.002367  0.948976   5.1
           25  0.001945  0.950921   4.9
           26  0.002054  0.952975   4.7
           27  0.001220  0.954195   4.6
           28  0.001952  0.956148   4.4
           29  0.000996  0.957144   4.3
           30  0.001915  0.959058   4.1

           Number of non-vanishing shape functions :  91

           Sigma(0,1)  =  3.544908
           Sigma(0,NSR)= -0.000000

                     Volume
           Inscribed     0.3911669571
           Integrated    0.2150509676
           Summed        0.6062179248
           Exact         0.6062177800

           Error :   0.000024 %

           Site number :   2

 Blatts:   Si  =  0.453689 WSA =  0.525025 Sc  =  0.675154

           NSC =   18 NVN =   12

        1  0.00000000  0.57735026 -0.70000000  0.90737717   6

           0.00000000 -0.00000001 -0.58809524  0.58809524
          -0.50000000  0.28867513 -0.35000000  0.67515430
          -0.50000000  0.28867513 -0.35000000  0.67515430
           0.00000000  0.57735027 -0.11190476  0.58809524
           0.50000000  0.28867513 -0.35000000  0.67515430
           0.50000000  0.28867513 -0.35000000  0.67515430

        2  0.00000000  0.57735026  0.70000000  0.90737717   6

           0.00000000 -0.00000001  0.58809524  0.58809524
           0.50000000  0.28867513  0.35000000  0.67515430
           0.50000000  0.28867513  0.35000000  0.67515430
           0.00000000  0.57735027  0.11190476  0.58809524
          -0.50000000  0.28867513  0.35000000  0.67515430
          -0.50000000  0.28867513  0.35000000  0.67515430

        3 -0.50000000 -0.28867514 -0.70000000  0.90737717   4

           0.00000000 -0.00000001 -0.58809524  0.58809524
           0.00000000 -0.57735027 -0.35000000  0.67515430
          -0.50000000 -0.28867513 -0.11190476  0.58809524
          -0.50000000  0.28867513 -0.35000000  0.67515430

        4  0.50000000 -0.28867514 -0.70000000  0.90737717   4

           0.00000000 -0.00000001 -0.58809524  0.58809524
           0.50000000  0.28867513 -0.35000000  0.67515430
           0.50000000 -0.28867513 -0.11190476  0.58809524
           0.00000000 -0.57735027 -0.35000000  0.67515430

        5  0.50000000 -0.28867514  0.70000000  0.90737717   4

           0.00000000 -0.00000001  0.58809524  0.58809524
           0.00000000 -0.57735027  0.35000000  0.67515430
           0.50000000 -0.28867513  0.11190476  0.58809524
           0.50000000  0.28867513  0.35000000  0.67515430

        6 -0.50000000 -0.28867514  0.70000000  0.90737717   4

           0.00000000 -0.00000001  0.58809524  0.58809524
          -0.50000000  0.28867513  0.35000000  0.67515430
          -0.50000000 -0.28867513  0.11190476  0.58809524
           0.00000000 -0.57735027  0.35000000  0.67515430

        7  0.50000000  0.86602540  0.00000000  1.00000000   4

           0.00000000  0.57735027 -0.11190476  0.58809524
           0.00000000  0.57735027  0.11190476  0.58809524
           0.50000000  0.28867513  0.35000000  0.67515430
           0.50000000  0.28867513 -0.35000000  0.67515430

        8 -0.50000000  0.86602540  0.00000000  1.00000000   4

           0.00000000  0.57735027 -0.11190476  0.58809524
          -0.50000000  0.28867513 -0.35000000  0.67515430
          -0.50000000  0.28867513  0.35000000  0.67515430
           0.00000000  0.57735027  0.11190476  0.58809524

        9  0.50000000 -0.86602540  0.00000000  1.00000000   4

           0.00000000 -0.57735027 -0.35000000  0.67515430
           0.50000000 -0.28867513 -0.11190476  0.58809524
           0.50000000 -0.28867513  0.11190476  0.58809524
           0.00000000 -0.57735027  0.35000000  0.67515430

       10 -0.50000000 -0.86602540  0.00000000  1.00000000   4

           0.00000000 -0.57735027 -0.35000000  0.67515430
           0.00000000 -0.57735027  0.35000000  0.67515430
          -0.50000000 -0.28867513  0.11190476  0.58809524
          -0.50000000 -0.28867513 -0.11190476  0.58809524

       11 -1.00000000  0.00000000  0.00000000  1.00000000   6

          -0.50000000  0.28867513 -0.35000000  0.67515430
          -0.50000000 -0.28867513 -0.11190476  0.58809524
          -0.50000000 -0.28867513  0.11190476  0.58809524
          -0.50000000  0.28867513  0.35000000  0.67515430
          -0.50000000  0.28867513  0.35000000  0.67515430
          -0.50000000  0.28867513 -0.35000000  0.67515430

       12  1.00000000  0.00000000  0.00000000  1.00000000   6

           0.50000000  0.28867513 -0.35000000  0.67515430
           0.50000000  0.28867513 -0.35000000  0.67515430
           0.50000000  0.28867513  0.35000000  0.67515430
           0.50000000  0.28867513  0.35000000  0.67515430
           0.50000000 -0.28867513  0.11190476  0.58809524
           0.50000000 -0.28867513 -0.11190476  0.58809524

           V(tetra) =  0.60621778  V(atom)  =  0.60621778

 Rsort:    Faces, edges, and vertexes as break points

 Rmesh:    NINT  =           9
           RINT( 1)=  0.45368858
           RINT( 2)=  0.45368859
           RINT( 3)=  0.50000000
           RINT( 4)=  0.50000000
           RINT( 5)=  0.54367843
           RINT( 6)=  0.54367844
           RINT( 7)=  0.57735027
           RINT( 8)=  0.58809524
           RINT( 9)=  0.67515430
           NSRI( 1)=           3 DSRI( 1)=  0.00000000
           NSRI( 2)=          29 DSRI( 2)=  0.00165398
           NSRI( 3)=           3 DSRI( 3)=  0.00000000
           NSRI( 4)=          29 DSRI( 4)=  0.00155994
           NSRI( 5)=           3 DSRI( 5)=  0.00000000
           NSRI( 6)=          23 DSRI( 6)=  0.00153054
           NSRI( 7)=           9 DSRI( 7)=  0.00134312
           NSRI( 8)=          53 DSRI( 8)=  0.00167421

 Setrot:   Number of non equivalent tetrahedra : 28

 Update:   Test convergence and store.

            l     d(l)      D(l)     %
 
            0  0.641901  0.641901  35.8
            1  0.000000  0.641901  35.8
            2  0.029524  0.671425  32.9
            3  0.030199  0.701624  29.8
            4  0.012573  0.714197  28.6
            5  0.062651  0.776848  22.3
            6  0.057860  0.834708  16.5
            7  0.018010  0.852718  14.7
            8  0.010673  0.863391  13.7
            9  0.001129  0.864520  13.5
           10  0.019784  0.884305  11.6
           11  0.010529  0.894834  10.5
           12  0.010964  0.905798   9.4
           13  0.002622  0.908420   9.2
           14  0.006071  0.914491   8.6
           15  0.005806  0.920298   8.0
           16  0.004185  0.924482   7.6
           17  0.003460  0.927942   7.2
           18  0.007003  0.934945   6.5
           19  0.001484  0.936429   6.4
           20  0.002737  0.939165   6.1
           21  0.002072  0.941237   5.9
           22  0.003581  0.944819   5.5
           23  0.001790  0.946609   5.3
           24  0.002367  0.948976   5.1
           25  0.001945  0.950921   4.9
           26  0.002054  0.952975   4.7
           27  0.001220  0.954195   4.6
           28  0.001952  0.956148   4.4
           29  0.000996  0.957144   4.3
           30  0.001915  0.959058   4.1

           Number of non-vanishing shape functions :  91

           Sigma(0,1)  =  3.544908
           Sigma(0,NSR)= -0.000000

                     Volume
           Inscribed     0.3911669571
           Integrated    0.2150509676
           Summed        0.6062179248
           Exact         0.6062177800

           Error :   0.000024 %
