 Fhndlr:   Program: SHAPE, Version: HLS 03 Apr 2002                  TM: 15:36
                                                                     14-Jan-26

           FOR001: ../smx/Co_1.80.tfh                                          
           FOR002: ./Co_1.80.shp                                               
           FOR006: ./Co_1.80.prn                                               
           FOR050: ./Co_1.80.log                                               

 Input:    NSR =  129 Lmax=   30 NFI =   11 IVEF=    3

 Strinp:   Slope & Madelung matrices, Lat= hex, Job=Co_1.80    15:36/14-Jan-26  

           Site number :   1

 Blatts:   Si  =  0.500000 WSA =  0.570902 Sc  =  0.732006

           NSC =   18 NVN =   12

        1 -0.50000000  0.86602540  0.00000000  1.00000000   4

           0.00000000  0.57735027  0.45000000  0.73200637
           0.00000000  0.57735027 -0.45000000  0.73200637
          -0.50000000  0.28867513 -0.26481482  0.63518518
          -0.50000000  0.28867513  0.26481482  0.63518518

        2 -0.50000000 -0.86602540  0.00000000  1.00000000   4

           0.00000000 -0.57735027  0.26481482  0.63518518
          -0.50000000 -0.28867513  0.45000000  0.73200637
          -0.50000000 -0.28867513 -0.45000000  0.73200637
           0.00000000 -0.57735027 -0.26481482  0.63518518

        3  0.50000000  0.86602540  0.00000000  1.00000000   4

           0.00000000  0.57735027  0.45000000  0.73200637
           0.50000000  0.28867513  0.26481482  0.63518518
           0.50000000  0.28867513 -0.26481482  0.63518518
           0.00000000  0.57735027 -0.45000000  0.73200637

        4  0.50000000 -0.86602540  0.00000000  1.00000000   4

           0.00000000 -0.57735027  0.26481482  0.63518518
           0.00000000 -0.57735027 -0.26481482  0.63518518
           0.50000000 -0.28867513 -0.45000000  0.73200637
           0.50000000 -0.28867513  0.45000000  0.73200637

        5  1.00000000  0.00000000  0.00000000  1.00000000   6

           0.50000000  0.28867513  0.26481482  0.63518518
           0.50000000 -0.28867513  0.45000000  0.73200637
           0.50000000 -0.28867513  0.45000000  0.73200637
           0.50000000 -0.28867513 -0.45000000  0.73200637
           0.50000000 -0.28867513 -0.45000000  0.73200637
           0.50000000  0.28867513 -0.26481482  0.63518518

        6 -1.00000000  0.00000000  0.00000000  1.00000000   6

          -0.50000000  0.28867513  0.26481482  0.63518518
          -0.50000000  0.28867513 -0.26481482  0.63518518
          -0.50000000 -0.28867513 -0.45000000  0.73200637
          -0.50000000 -0.28867513 -0.45000000  0.73200637
          -0.50000000 -0.28867513  0.45000000  0.73200637
          -0.50000000 -0.28867513  0.45000000  0.73200637

        7  0.00000000 -0.57735026  0.90000000  1.06926766   6

           0.00000000 -0.57735027  0.26481482  0.63518518
           0.50000000 -0.28867513  0.45000000  0.73200637
           0.50000000 -0.28867513  0.45000000  0.73200637
           0.00000000  0.00000001  0.63518518  0.63518518
          -0.50000000 -0.28867513  0.45000000  0.73200637
          -0.50000000 -0.28867513  0.45000000  0.73200637

        8  0.00000000 -0.57735026 -0.90000000  1.06926766   6

           0.00000000 -0.57735027 -0.26481482  0.63518518
          -0.50000000 -0.28867513 -0.45000000  0.73200637
          -0.50000000 -0.28867513 -0.45000000  0.73200637
          -0.00000000  0.00000001 -0.63518518  0.63518518
           0.50000000 -0.28867513 -0.45000000  0.73200637
           0.50000000 -0.28867513 -0.45000000  0.73200637

        9 -0.50000000  0.28867514  0.90000000  1.06926766   4

           0.00000000  0.57735027  0.45000000  0.73200637
          -0.50000000  0.28867513  0.26481482  0.63518518
          -0.50000000 -0.28867513  0.45000000  0.73200637
           0.00000000  0.00000001  0.63518518  0.63518518

       10  0.50000000  0.28867514  0.90000000  1.06926766   4

           0.00000000  0.57735027  0.45000000  0.73200637
           0.00000000  0.00000001  0.63518518  0.63518518
           0.50000000 -0.28867513  0.45000000  0.73200637
           0.50000000  0.28867513  0.26481482  0.63518518

       11 -0.50000000  0.28867514 -0.90000000  1.06926766   4

           0.00000000  0.57735027 -0.45000000  0.73200637
          -0.00000000  0.00000001 -0.63518518  0.63518518
          -0.50000000 -0.28867513 -0.45000000  0.73200637
          -0.50000000  0.28867513 -0.26481482  0.63518518

       12  0.50000000  0.28867514 -0.90000000  1.06926766   4

           0.00000000  0.57735027 -0.45000000  0.73200637
           0.50000000  0.28867513 -0.26481482  0.63518518
           0.50000000 -0.28867513 -0.45000000  0.73200637
          -0.00000000  0.00000001 -0.63518518  0.63518518

           V(tetra) =  0.77942286  V(atom)  =  0.77942286

 Rsort:    Faces, edges, and vertexes as break points

 Rmesh:    NINT  =           9
           RINT( 1)=  0.50000000
           RINT( 2)=  0.50000000
           RINT( 3)=  0.53463383
           RINT( 4)=  0.53463383
           RINT( 5)=  0.57735027
           RINT( 6)=  0.60483386
           RINT( 7)=  0.60483387
           RINT( 8)=  0.63518518
           RINT( 9)=  0.73200637
           NSRI( 1)=           3 DSRI( 1)=  0.00000000
           NSRI( 2)=          23 DSRI( 2)=  0.00157426
           NSRI( 3)=           3 DSRI( 3)=  0.00000000
           NSRI( 4)=          27 DSRI( 4)=  0.00164294
           NSRI( 5)=          19 DSRI( 5)=  0.00152687
           NSRI( 6)=           3 DSRI( 6)=  0.00000000
           NSRI( 7)=          19 DSRI( 7)=  0.00168618
           NSRI( 8)=          57 DSRI( 8)=  0.00172895

 Setrot:   Number of non equivalent tetrahedra : 26

 Update:   Test convergence and store.

            l     d(l)      D(l)     %
 
            0  0.638656  0.638656  36.1
            1  0.000000  0.638656  36.1
            2  0.025544  0.664200  33.6
            3  0.006931  0.671131  32.9
            4  0.039925  0.711056  28.9
            5  0.040534  0.751590  24.8
            6  0.066449  0.818039  18.2
            7  0.016455  0.834493  16.6
            8  0.023929  0.858422  14.2
            9  0.008420  0.866841  13.3
           10  0.012561  0.879403  12.1
           11  0.001704  0.881107  11.9
           12  0.014413  0.895520  10.4
           13  0.005529  0.901050   9.9
           14  0.012850  0.913900   8.6
           15  0.001885  0.915785   8.4
           16  0.004928  0.920713   7.9
           17  0.002252  0.922965   7.7
           18  0.005213  0.928178   7.2
           19  0.003050  0.931229   6.9
           20  0.005092  0.936321   6.4
           21  0.001705  0.938026   6.2
           22  0.004235  0.942261   5.8
           23  0.000370  0.942631   5.7
           24  0.002651  0.945282   5.5
           25  0.001439  0.946721   5.3
           26  0.003909  0.950630   4.9
           27  0.000961  0.951591   4.8
           28  0.001587  0.953179   4.7
           29  0.000984  0.954163   4.6
           30  0.002214  0.956376   4.4

           Number of non-vanishing shape functions :  89

           Sigma(0,1)  =  3.544908
           Sigma(0,NSR)= -0.000000

                     Volume
           Inscribed     0.5235987705
           Integrated    0.2558242810
           Summed        0.7794230515
           Exact         0.7794228600

           Error :   0.000025 %

           Site number :   2

 Blatts:   Si  =  0.500000 WSA =  0.570902 Sc  =  0.732006

           NSC =   18 NVN =   12

        1  0.50000000  0.86602540  0.00000000  1.00000000   4

           0.00000000  0.57735027 -0.26481482  0.63518518
           0.00000000  0.57735027  0.26481482  0.63518518
           0.50000000  0.28867513  0.45000000  0.73200637
           0.50000000  0.28867513 -0.45000000  0.73200637

        2 -0.50000000  0.86602540  0.00000000  1.00000000   4

           0.00000000  0.57735027 -0.26481482  0.63518518
          -0.50000000  0.28867513 -0.45000000  0.73200637
          -0.50000000  0.28867513  0.45000000  0.73200637
           0.00000000  0.57735027  0.26481482  0.63518518

        3  0.50000000 -0.86602540  0.00000000  1.00000000   4

           0.00000000 -0.57735027 -0.45000000  0.73200637
           0.50000000 -0.28867513 -0.26481482  0.63518518
           0.50000000 -0.28867513  0.26481482  0.63518518
           0.00000000 -0.57735027  0.45000000  0.73200637

        4 -0.50000000 -0.86602540  0.00000000  1.00000000   4

           0.00000000 -0.57735027 -0.45000000  0.73200637
           0.00000000 -0.57735027  0.45000000  0.73200637
          -0.50000000 -0.28867513  0.26481482  0.63518518
          -0.50000000 -0.28867513 -0.26481482  0.63518518

        5  1.00000000  0.00000000  0.00000000  1.00000000   6

           0.50000000  0.28867513 -0.45000000  0.73200637
           0.50000000  0.28867513  0.45000000  0.73200637
           0.50000000  0.28867513  0.45000000  0.73200637
           0.50000000 -0.28867513  0.26481482  0.63518518
           0.50000000 -0.28867513 -0.26481482  0.63518518
           0.50000000  0.28867513 -0.45000000  0.73200637

        6 -1.00000000  0.00000000  0.00000000  1.00000000   6

          -0.50000000  0.28867513 -0.45000000  0.73200637
          -0.50000000  0.28867513 -0.45000000  0.73200637
          -0.50000000 -0.28867513 -0.26481482  0.63518518
          -0.50000000 -0.28867513  0.26481482  0.63518518
          -0.50000000  0.28867513  0.45000000  0.73200637
          -0.50000000  0.28867513  0.45000000  0.73200637

        7  0.00000000  0.57735026 -0.90000000  1.06926766   6

           0.00000000  0.57735027 -0.26481482  0.63518518
           0.50000000  0.28867513 -0.45000000  0.73200637
           0.50000000  0.28867513 -0.45000000  0.73200637
           0.00000000 -0.00000001 -0.63518518  0.63518518
          -0.50000000  0.28867513 -0.45000000  0.73200637
          -0.50000000  0.28867513 -0.45000000  0.73200637

        8  0.00000000  0.57735026  0.90000000  1.06926766   6

           0.00000000  0.57735027  0.26481482  0.63518518
          -0.50000000  0.28867513  0.45000000  0.73200637
          -0.50000000  0.28867513  0.45000000  0.73200637
          -0.00000000 -0.00000001  0.63518518  0.63518518
           0.50000000  0.28867513  0.45000000  0.73200637
           0.50000000  0.28867513  0.45000000  0.73200637

        9  0.50000000 -0.28867514 -0.90000000  1.06926766   4

           0.00000000 -0.57735027 -0.45000000  0.73200637
           0.00000000 -0.00000001 -0.63518518  0.63518518
           0.50000000  0.28867513 -0.45000000  0.73200637
           0.50000000 -0.28867513 -0.26481482  0.63518518

       10 -0.50000000 -0.28867514 -0.90000000  1.06926766   4

           0.00000000 -0.57735027 -0.45000000  0.73200637
          -0.50000000 -0.28867513 -0.26481482  0.63518518
          -0.50000000  0.28867513 -0.45000000  0.73200637
           0.00000000 -0.00000001 -0.63518518  0.63518518

       11 -0.50000000 -0.28867514  0.90000000  1.06926766   4

           0.00000000 -0.57735027  0.45000000  0.73200637
          -0.00000000 -0.00000001  0.63518518  0.63518518
          -0.50000000  0.28867513  0.45000000  0.73200637
          -0.50000000 -0.28867513  0.26481482  0.63518518

       12  0.50000000 -0.28867514  0.90000000  1.06926766   4

           0.00000000 -0.57735027  0.45000000  0.73200637
           0.50000000 -0.28867513  0.26481482  0.63518518
           0.50000000  0.28867513  0.45000000  0.73200637
          -0.00000000 -0.00000001  0.63518518  0.63518518

           V(tetra) =  0.77942286  V(atom)  =  0.77942286

 Rsort:    Faces, edges, and vertexes as break points

 Rmesh:    NINT  =           9
           RINT( 1)=  0.50000000
           RINT( 2)=  0.50000000
           RINT( 3)=  0.53463383
           RINT( 4)=  0.53463383
           RINT( 5)=  0.57735027
           RINT( 6)=  0.60483386
           RINT( 7)=  0.60483387
           RINT( 8)=  0.63518518
           RINT( 9)=  0.73200637
           NSRI( 1)=           3 DSRI( 1)=  0.00000000
           NSRI( 2)=          23 DSRI( 2)=  0.00157426
           NSRI( 3)=           3 DSRI( 3)=  0.00000000
           NSRI( 4)=          27 DSRI( 4)=  0.00164294
           NSRI( 5)=          19 DSRI( 5)=  0.00152687
           NSRI( 6)=           3 DSRI( 6)=  0.00000000
           NSRI( 7)=          19 DSRI( 7)=  0.00168618
           NSRI( 8)=          57 DSRI( 8)=  0.00172895

 Setrot:   Number of non equivalent tetrahedra : 26

 Update:   Test convergence and store.

            l     d(l)      D(l)     %
 
            0  0.638656  0.638656  36.1
            1  0.000000  0.638656  36.1
            2  0.025544  0.664200  33.6
            3  0.006931  0.671131  32.9
            4  0.039925  0.711056  28.9
            5  0.040534  0.751590  24.8
            6  0.066449  0.818039  18.2
            7  0.016455  0.834493  16.6
            8  0.023929  0.858422  14.2
            9  0.008420  0.866841  13.3
           10  0.012561  0.879403  12.1
           11  0.001704  0.881107  11.9
           12  0.014413  0.895520  10.4
           13  0.005529  0.901050   9.9
           14  0.012850  0.913900   8.6
           15  0.001885  0.915785   8.4
           16  0.004928  0.920713   7.9
           17  0.002252  0.922965   7.7
           18  0.005213  0.928178   7.2
           19  0.003050  0.931229   6.9
           20  0.005092  0.936321   6.4
           21  0.001705  0.938026   6.2
           22  0.004235  0.942261   5.8
           23  0.000370  0.942631   5.7
           24  0.002651  0.945282   5.5
           25  0.001439  0.946721   5.3
           26  0.003909  0.950630   4.9
           27  0.000961  0.951591   4.8
           28  0.001587  0.953179   4.7
           29  0.000984  0.954163   4.6
           30  0.002214  0.956376   4.4

           Number of non-vanishing shape functions :  89

           Sigma(0,1)  =  3.544908
           Sigma(0,NSR)= -0.000000

                     Volume
           Inscribed     0.5235987705
           Integrated    0.2558242810
           Summed        0.7794230515
           Exact         0.7794228600

           Error :   0.000025 %
