 Fhndlr:   Program: SHAPE, Version: HLS 03 Apr 2002                  TM: 11:44
                                                                     14-Jan-26

           FOR001: ../smx/Co_1.70.tfh                                          
           FOR002: ./Co_1.70.shp                                               
           FOR006: ./Co_1.70.prn                                               
           FOR050: ./Co_1.70.log                                               

 Input:    NSR =  129 Lmax=   30 NFI =   11 IVEF=    3

 Strinp:   Slope & Madelung matrices, Lat= hex, Job=Co_1.70    11:42/14-Jan-26  

           Site number :   1

 Blatts:   Si  =  0.500000 WSA =  0.560128 Sc  =  0.716909

           NSC =   18 NVN =   12

        1 -0.50000000  0.86602540  0.00000000  1.00000000   4

           0.00000000  0.57735027 -0.42500000  0.71690887
          -0.50000000  0.28867513 -0.22892157  0.62107843
          -0.50000000  0.28867513  0.22892157  0.62107843
           0.00000000  0.57735027  0.42500000  0.71690887

        2  0.50000000 -0.86602540  0.00000000  1.00000000   4

           0.00000000 -0.57735027 -0.22892157  0.62107843
           0.50000000 -0.28867513 -0.42500000  0.71690887
           0.50000000 -0.28867513  0.42500000  0.71690887
           0.00000000 -0.57735027  0.22892157  0.62107843

        3  0.50000000  0.86602540  0.00000000  1.00000000   4

           0.00000000  0.57735027 -0.42500000  0.71690887
           0.00000000  0.57735027  0.42500000  0.71690887
           0.50000000  0.28867513  0.22892157  0.62107843
           0.50000000  0.28867513 -0.22892157  0.62107843

        4 -0.50000000 -0.86602540  0.00000000  1.00000000   4

           0.00000000 -0.57735027 -0.22892157  0.62107843
           0.00000000 -0.57735027  0.22892157  0.62107843
          -0.50000000 -0.28867513  0.42500000  0.71690887
          -0.50000000 -0.28867513 -0.42500000  0.71690887

        5 -1.00000000  0.00000000  0.00000000  1.00000000   6

          -0.50000000  0.28867513 -0.22892157  0.62107843
          -0.50000000 -0.28867513 -0.42500000  0.71690887
          -0.50000000 -0.28867513 -0.42500000  0.71690887
          -0.50000000 -0.28867513  0.42500000  0.71690887
          -0.50000000 -0.28867513  0.42500000  0.71690887
          -0.50000000  0.28867513  0.22892157  0.62107843

        6  1.00000000  0.00000000  0.00000000  1.00000000   6

           0.50000000 -0.28867513 -0.42500000  0.71690887
           0.50000000 -0.28867513 -0.42500000  0.71690887
           0.50000000  0.28867513 -0.22892157  0.62107843
           0.50000000  0.28867513  0.22892157  0.62107843
           0.50000000 -0.28867513  0.42500000  0.71690887
           0.50000000 -0.28867513  0.42500000  0.71690887

        7  0.00000000 -0.57735026 -0.85000000  1.02753750   6

           0.00000000 -0.57735027 -0.22892157  0.62107843
          -0.50000000 -0.28867513 -0.42500000  0.71690887
          -0.50000000 -0.28867513 -0.42500000  0.71690887
          -0.00000000  0.00000001 -0.62107843  0.62107843
           0.50000000 -0.28867513 -0.42500000  0.71690887
           0.50000000 -0.28867513 -0.42500000  0.71690887

        8  0.00000000 -0.57735026  0.85000000  1.02753750   6

           0.00000000 -0.57735027  0.22892157  0.62107843
           0.50000000 -0.28867513  0.42500000  0.71690887
           0.50000000 -0.28867513  0.42500000  0.71690887
           0.00000000  0.00000001  0.62107843  0.62107843
          -0.50000000 -0.28867513  0.42500000  0.71690887
          -0.50000000 -0.28867513  0.42500000  0.71690887

        9 -0.50000000  0.28867514 -0.85000000  1.02753751   4

           0.00000000  0.57735027 -0.42500000  0.71690887
          -0.00000000  0.00000001 -0.62107843  0.62107843
          -0.50000000 -0.28867513 -0.42500000  0.71690887
          -0.50000000  0.28867513 -0.22892157  0.62107843

       10 -0.50000000  0.28867514  0.85000000  1.02753751   4

           0.00000000  0.57735027  0.42500000  0.71690887
          -0.50000000  0.28867513  0.22892157  0.62107843
          -0.50000000 -0.28867513  0.42500000  0.71690887
           0.00000000  0.00000001  0.62107843  0.62107843

       11  0.50000000  0.28867514  0.85000000  1.02753751   4

           0.00000000  0.57735027  0.42500000  0.71690887
           0.00000000  0.00000001  0.62107843  0.62107843
           0.50000000 -0.28867513  0.42500000  0.71690887
           0.50000000  0.28867513  0.22892157  0.62107843

       12  0.50000000  0.28867514 -0.85000000  1.02753751   4

           0.00000000  0.57735027 -0.42500000  0.71690887
           0.50000000  0.28867513 -0.22892157  0.62107843
           0.50000000 -0.28867513 -0.42500000  0.71690887
          -0.00000000  0.00000001 -0.62107843  0.62107843

           V(tetra) =  0.73612159  V(atom)  =  0.73612159

 Rsort:    Faces, edges, and vertexes as break points

 Rmesh:    NINT  =           9
           RINT( 1)=  0.50000000
           RINT( 2)=  0.50000000
           RINT( 3)=  0.51376875
           RINT( 4)=  0.51376876
           RINT( 5)=  0.57735027
           RINT( 6)=  0.58808860
           RINT( 7)=  0.58808860
           RINT( 8)=  0.62107843
           RINT( 9)=  0.71690887
           NSRI( 1)=           3 DSRI( 1)=  0.00000000
           NSRI( 2)=          11 DSRI( 2)=  0.00137688
           NSRI( 3)=           3 DSRI( 3)=  0.00000000
           NSRI( 4)=          41 DSRI( 4)=  0.00158954
           NSRI( 5)=           9 DSRI( 5)=  0.00134229
           NSRI( 6)=           3 DSRI( 6)=  0.00000000
           NSRI( 7)=          23 DSRI( 7)=  0.00149954
           NSRI( 8)=          59 DSRI( 8)=  0.00165225

 Setrot:   Number of non equivalent tetrahedra : 33

 Update:   Test convergence and store.

            l     d(l)      D(l)     %
 
            0  0.614465  0.614465  38.6
            1  0.000000  0.614465  38.6
            2  0.004838  0.619302  38.1
            3  0.011473  0.630776  36.9
            4  0.027740  0.658515  34.1
            5  0.054610  0.713125  28.7
            6  0.087633  0.800758  19.9
            7  0.018174  0.818933  18.1
            8  0.023555  0.842487  15.8
            9  0.007837  0.850324  15.0
           10  0.006037  0.856361  14.4
           11  0.004650  0.861011  13.9
           12  0.027069  0.888080  11.2
           13  0.005491  0.893571  10.6
           14  0.006773  0.900343  10.0
           15  0.002339  0.902682   9.7
           16  0.006694  0.909376   9.1
           17  0.003863  0.913239   8.7
           18  0.006495  0.919734   8.0
           19  0.003134  0.922869   7.7
           20  0.005764  0.928632   7.1
           21  0.001600  0.930233   7.0
           22  0.003313  0.933546   6.6
           23  0.000736  0.934283   6.6
           24  0.004672  0.938955   6.1
           25  0.001989  0.940944   5.9
           26  0.003008  0.943951   5.6
           27  0.001032  0.944983   5.5
           28  0.001971  0.946954   5.3
           29  0.001435  0.948389   5.2
           30  0.002294  0.950684   4.9

           Number of non-vanishing shape functions :  89

           Sigma(0,1)  =  3.544908
           Sigma(0,NSR)= -0.000000

                     Volume
           Inscribed     0.5235987705
           Integrated    0.2125229590
           Summed        0.7361217294
           Exact         0.7361215900

           Error :   0.000019 %

           Site number :   2

 Blatts:   Si  =  0.500000 WSA =  0.560128 Sc  =  0.716909

           NSC =   18 NVN =   12

        1 -0.50000000  0.86602540  0.00000000  1.00000000   4

           0.00000000  0.57735027  0.22892157  0.62107843
           0.00000000  0.57735027 -0.22892157  0.62107843
          -0.50000000  0.28867513 -0.42500000  0.71690887
          -0.50000000  0.28867513  0.42500000  0.71690887

        2  0.50000000  0.86602540  0.00000000  1.00000000   4

           0.00000000  0.57735027  0.22892157  0.62107843
           0.50000000  0.28867513  0.42500000  0.71690887
           0.50000000  0.28867513 -0.42500000  0.71690887
           0.00000000  0.57735027 -0.22892157  0.62107843

        3  0.50000000 -0.86602540  0.00000000  1.00000000   4

           0.00000000 -0.57735027 -0.42500000  0.71690887
           0.50000000 -0.28867513 -0.22892157  0.62107843
           0.50000000 -0.28867513  0.22892157  0.62107843
           0.00000000 -0.57735027  0.42500000  0.71690887

        4 -0.50000000 -0.86602540  0.00000000  1.00000000   4

           0.00000000 -0.57735027 -0.42500000  0.71690887
           0.00000000 -0.57735027  0.42500000  0.71690887
          -0.50000000 -0.28867513  0.22892157  0.62107843
          -0.50000000 -0.28867513 -0.22892157  0.62107843

        5  1.00000000  0.00000000  0.00000000  1.00000000   6

           0.50000000  0.28867513  0.42500000  0.71690887
           0.50000000  0.28867513  0.42500000  0.71690887
           0.50000000 -0.28867513  0.22892157  0.62107843
           0.50000000 -0.28867513 -0.22892157  0.62107843
           0.50000000  0.28867513 -0.42500000  0.71690887
           0.50000000  0.28867513 -0.42500000  0.71690887

        6 -1.00000000  0.00000000  0.00000000  1.00000000   6

          -0.50000000  0.28867513  0.42500000  0.71690887
          -0.50000000  0.28867513 -0.42500000  0.71690887
          -0.50000000  0.28867513 -0.42500000  0.71690887
          -0.50000000 -0.28867513 -0.22892157  0.62107843
          -0.50000000 -0.28867513  0.22892157  0.62107843
          -0.50000000  0.28867513  0.42500000  0.71690887

        7  0.00000000  0.57735026  0.85000000  1.02753750   6

           0.00000000  0.57735027  0.22892157  0.62107843
          -0.50000000  0.28867513  0.42500000  0.71690887
          -0.50000000  0.28867513  0.42500000  0.71690887
          -0.00000000 -0.00000001  0.62107843  0.62107843
           0.50000000  0.28867513  0.42500000  0.71690887
           0.50000000  0.28867513  0.42500000  0.71690887

        8  0.00000000  0.57735026 -0.85000000  1.02753750   6

           0.00000000  0.57735027 -0.22892157  0.62107843
           0.50000000  0.28867513 -0.42500000  0.71690887
           0.50000000  0.28867513 -0.42500000  0.71690887
           0.00000000 -0.00000001 -0.62107843  0.62107843
          -0.50000000  0.28867513 -0.42500000  0.71690887
          -0.50000000  0.28867513 -0.42500000  0.71690887

        9  0.50000000 -0.28867514 -0.85000000  1.02753751   4

           0.00000000 -0.57735027 -0.42500000  0.71690887
           0.00000000 -0.00000001 -0.62107843  0.62107843
           0.50000000  0.28867513 -0.42500000  0.71690887
           0.50000000 -0.28867513 -0.22892157  0.62107843

       10 -0.50000000 -0.28867514  0.85000000  1.02753751   4

           0.00000000 -0.57735027  0.42500000  0.71690887
          -0.00000000 -0.00000001  0.62107843  0.62107843
          -0.50000000  0.28867513  0.42500000  0.71690887
          -0.50000000 -0.28867513  0.22892157  0.62107843

       11 -0.50000000 -0.28867514 -0.85000000  1.02753751   4

           0.00000000 -0.57735027 -0.42500000  0.71690887
          -0.50000000 -0.28867513 -0.22892157  0.62107843
          -0.50000000  0.28867513 -0.42500000  0.71690887
           0.00000000 -0.00000001 -0.62107843  0.62107843

       12  0.50000000 -0.28867514  0.85000000  1.02753751   4

           0.00000000 -0.57735027  0.42500000  0.71690887
           0.50000000 -0.28867513  0.22892157  0.62107843
           0.50000000  0.28867513  0.42500000  0.71690887
          -0.00000000 -0.00000001  0.62107843  0.62107843

           V(tetra) =  0.73612159  V(atom)  =  0.73612159

 Rsort:    Faces, edges, and vertexes as break points

 Rmesh:    NINT  =           9
           RINT( 1)=  0.50000000
           RINT( 2)=  0.50000000
           RINT( 3)=  0.51376875
           RINT( 4)=  0.51376876
           RINT( 5)=  0.57735027
           RINT( 6)=  0.58808860
           RINT( 7)=  0.58808860
           RINT( 8)=  0.62107843
           RINT( 9)=  0.71690887
           NSRI( 1)=           3 DSRI( 1)=  0.00000000
           NSRI( 2)=          11 DSRI( 2)=  0.00137688
           NSRI( 3)=           3 DSRI( 3)=  0.00000000
           NSRI( 4)=          41 DSRI( 4)=  0.00158954
           NSRI( 5)=           9 DSRI( 5)=  0.00134229
           NSRI( 6)=           3 DSRI( 6)=  0.00000000
           NSRI( 7)=          23 DSRI( 7)=  0.00149954
           NSRI( 8)=          59 DSRI( 8)=  0.00165225

 Setrot:   Number of non equivalent tetrahedra : 33

 Update:   Test convergence and store.

            l     d(l)      D(l)     %
 
            0  0.614465  0.614465  38.6
            1  0.000000  0.614465  38.6
            2  0.004838  0.619302  38.1
            3  0.011473  0.630776  36.9
            4  0.027740  0.658515  34.1
            5  0.054610  0.713125  28.7
            6  0.087633  0.800758  19.9
            7  0.018174  0.818933  18.1
            8  0.023555  0.842487  15.8
            9  0.007837  0.850324  15.0
           10  0.006037  0.856361  14.4
           11  0.004650  0.861011  13.9
           12  0.027069  0.888080  11.2
           13  0.005491  0.893571  10.6
           14  0.006773  0.900343  10.0
           15  0.002339  0.902682   9.7
           16  0.006694  0.909376   9.1
           17  0.003863  0.913239   8.7
           18  0.006495  0.919734   8.0
           19  0.003134  0.922869   7.7
           20  0.005764  0.928632   7.1
           21  0.001600  0.930233   7.0
           22  0.003313  0.933546   6.6
           23  0.000736  0.934283   6.6
           24  0.004672  0.938955   6.1
           25  0.001989  0.940944   5.9
           26  0.003008  0.943951   5.6
           27  0.001032  0.944983   5.5
           28  0.001971  0.946954   5.3
           29  0.001435  0.948389   5.2
           30  0.002294  0.950684   4.9

           Number of non-vanishing shape functions :  89

           Sigma(0,1)  =  3.544908
           Sigma(0,NSR)= -0.000000

                     Volume
           Inscribed     0.5235987705
           Integrated    0.2125229590
           Summed        0.7361217294
           Exact         0.7361215900

           Error :   0.000019 %
