    Sublattice  2 Atom Fe   spin UP     

     E      Total        s        p        d
 
  -1.10000    0.0000    0.0000    0.0000    0.0000
  -1.09863    0.0000    0.0000    0.0000    0.0000
  -1.09725    0.0000    0.0000    0.0000    0.0000
  -1.09588    0.0000    0.0000    0.0000    0.0000
  -1.09450    0.0000    0.0000    0.0000    0.0000
  -1.09313    0.0000    0.0000    0.0000    0.0000
  -1.09175    0.0000    0.0000    0.0000    0.0000
  -1.09038    0.0000    0.0000    0.0000    0.0000
  -1.08900    0.0000    0.0000    0.0000    0.0000
  -1.08763    0.0000    0.0000    0.0000    0.0000
  -1.08625    0.0000    0.0000    0.0000    0.0000
  -1.08488    0.0000    0.0000    0.0000    0.0000
  -1.08350    0.0000    0.0000    0.0000    0.0000
  -1.08213    0.0000    0.0000    0.0000    0.0000
  -1.08075    0.0000    0.0000    0.0000    0.0000
  -1.07938    0.0000    0.0000    0.0000    0.0000
  -1.07800    0.0000    0.0000    0.0000    0.0000
  -1.07663    0.0000    0.0000    0.0000    0.0000
  -1.07525    0.0000    0.0000    0.0000    0.0000
  -1.07388    0.0000    0.0000    0.0000    0.0000
  -1.07250    0.0000    0.0000    0.0000    0.0000
  -1.07113    0.0000    0.0000    0.0000    0.0000
  -1.06975    0.0000    0.0000    0.0000    0.0000
  -1.06838    0.0000    0.0000    0.0000    0.0000
  -1.06700    0.0000    0.0000    0.0000    0.0000
  -1.06563    0.0000    0.0000    0.0000    0.0000
  -1.06425    0.0000    0.0000    0.0000    0.0000
  -1.06288    0.0000    0.0000    0.0000    0.0000
  -1.06150    0.0000    0.0000    0.0000    0.0000
  -1.06012    0.0000    0.0000    0.0000    0.0000
  -1.05875    0.0000    0.0000    0.0000    0.0000
  -1.05738    0.0000    0.0000    0.0000    0.0000
  -1.05600    0.0000    0.0000    0.0000    0.0000
  -1.05463    0.0000    0.0000    0.0000    0.0000
  -1.05325    0.0000    0.0000    0.0000    0.0000
  -1.05188    0.0000    0.0000    0.0000    0.0000
  -1.05050    0.0000    0.0000    0.0000    0.0000
  -1.04913    0.0000    0.0000    0.0000    0.0000
  -1.04775    0.0000    0.0000    0.0000    0.0000
  -1.04638    0.0000    0.0000    0.0000    0.0000
  -1.04500    0.0000    0.0000    0.0000    0.0000
  -1.04363    0.0000    0.0000    0.0000    0.0000
  -1.04225    0.0000    0.0000    0.0000    0.0000
  -1.04087    0.0000    0.0000    0.0000    0.0000
  -1.03950    0.0000    0.0000    0.0000    0.0000
  -1.03813    0.0000    0.0000    0.0000    0.0000
  -1.03675    0.0000    0.0000    0.0000    0.0000
  -1.03538    0.0000    0.0000    0.0000    0.0000
  -1.03400    0.0000    0.0000    0.0000    0.0000
  -1.03263    0.0000    0.0000    0.0000    0.0000
  -1.03125    0.0000    0.0000    0.0000    0.0000
  -1.02988    0.0000    0.0000    0.0000    0.0000
  -1.02850    0.0000    0.0000    0.0000    0.0000
  -1.02713    0.0000    0.0000    0.0000    0.0000
  -1.02575    0.0000    0.0000    0.0000    0.0000
  -1.02438    0.0000    0.0000    0.0000    0.0000
  -1.02300    0.0000    0.0000    0.0000    0.0000
  -1.02163    0.0000    0.0000    0.0000    0.0000
  -1.02025    0.0000    0.0000    0.0000    0.0000
  -1.01887    0.0000    0.0000    0.0000    0.0000
  -1.01750    0.0000    0.0000    0.0000    0.0000
  -1.01613    0.0000    0.0000    0.0000    0.0000
  -1.01475    0.0000    0.0000    0.0000    0.0000
  -1.01338    0.0000    0.0000    0.0000    0.0000
  -1.01200    0.0000    0.0000    0.0000    0.0000
  -1.01063    0.0000    0.0000    0.0000    0.0000
  -1.00925    0.0000    0.0000    0.0000    0.0000
  -1.00788    0.0000    0.0000    0.0000    0.0000
  -1.00650    0.0000    0.0000    0.0000    0.0000
  -1.00513    0.0000    0.0000    0.0000    0.0000
  -1.00375    0.0000    0.0000    0.0000    0.0000
  -1.00238    0.0000    0.0000    0.0000    0.0000
  -1.00100    0.0000    0.0000    0.0000    0.0000
  -0.99962    0.0000    0.0000    0.0000    0.0000
  -0.99825    0.0000    0.0000    0.0000    0.0000
  -0.99688    0.0000    0.0000    0.0000    0.0000
  -0.99550    0.0000    0.0000    0.0000    0.0000
  -0.99413    0.0000    0.0000    0.0000    0.0000
  -0.99275    0.0000    0.0000    0.0000    0.0000
  -0.99138    0.0000    0.0000    0.0000    0.0000
  -0.99000    0.0000    0.0000    0.0000    0.0000
  -0.98862    0.0000    0.0000    0.0000    0.0000
  -0.98725    0.0000    0.0000    0.0000    0.0000
  -0.98587    0.0000    0.0000    0.0000    0.0000
  -0.98450    0.0000    0.0000    0.0000    0.0000
  -0.98312    0.0000    0.0000    0.0000    0.0000
  -0.98175    0.0000    0.0000    0.0000    0.0000
  -0.98037    0.0000    0.0000    0.0000    0.0000
  -0.97900    0.0000    0.0000    0.0000    0.0000
  -0.97763    0.0000    0.0000    0.0000    0.0000
  -0.97625    0.0000    0.0000    0.0000    0.0000
  -0.97488    0.0000    0.0000    0.0000    0.0000
  -0.97350    0.0000    0.0000    0.0000    0.0000
  -0.97213    0.0000    0.0000    0.0000    0.0000
  -0.97075    0.0000    0.0000    0.0000    0.0000
  -0.96937    0.0000    0.0000    0.0000    0.0000
  -0.96800    0.0000    0.0000    0.0000    0.0000
  -0.96662    0.0000    0.0000    0.0000    0.0000
  -0.96525    0.0000    0.0000    0.0000    0.0000
  -0.96387    0.0000    0.0000    0.0000    0.0000
  -0.96250    0.0000    0.0000    0.0000    0.0000
  -0.96112    0.0000    0.0000    0.0000    0.0000
  -0.95975    0.0000    0.0000    0.0000    0.0000
  -0.95838    0.0000    0.0000    0.0000    0.0000
  -0.95700    0.0000    0.0000    0.0000    0.0000
  -0.95563    0.0000    0.0000    0.0000    0.0000
  -0.95425    0.0000    0.0000    0.0000    0.0000
  -0.95288    0.0000    0.0000    0.0000    0.0000
  -0.95150    0.0000    0.0000    0.0000    0.0000
  -0.95012    0.0000    0.0000    0.0000    0.0000
  -0.94875    0.0000    0.0000    0.0000    0.0000
  -0.94737    0.0000    0.0000    0.0000    0.0000
  -0.94600    0.0000    0.0000    0.0000    0.0000
  -0.94462    0.0000    0.0000    0.0000    0.0000
  -0.94325    0.0000    0.0000    0.0000    0.0000
  -0.94187    0.0000    0.0000    0.0000    0.0000
  -0.94050    0.0000    0.0000    0.0000    0.0000
  -0.93912    0.0000    0.0000    0.0000    0.0000
  -0.93775    0.0000    0.0000    0.0000    0.0000
  -0.93637    0.0000    0.0000    0.0000    0.0000
  -0.93500    0.0000    0.0000    0.0000    0.0000
  -0.93363    0.0000    0.0000    0.0000    0.0000
  -0.93225    0.0000    0.0000    0.0000    0.0000
  -0.93088    0.0000    0.0000    0.0000    0.0000
  -0.92950    0.0000    0.0000    0.0000    0.0000
  -0.92812    0.0000    0.0000    0.0000    0.0000
  -0.92675    0.0000    0.0000    0.0000    0.0000
  -0.92537    0.0000    0.0000    0.0000    0.0000
  -0.92400    0.0000    0.0000    0.0000    0.0000
  -0.92262    0.0000    0.0000    0.0000    0.0000
  -0.92125    0.0000    0.0000    0.0000    0.0000
  -0.91987    0.0000    0.0000    0.0000    0.0000
  -0.91850    0.0000    0.0000    0.0000    0.0000
  -0.91712    0.0000    0.0000    0.0000    0.0000
  -0.91575    0.0000    0.0000    0.0000    0.0000
  -0.91437    0.0000    0.0000    0.0000    0.0000
  -0.91300    0.0000    0.0000    0.0000    0.0000
  -0.91163    0.0000    0.0000    0.0000    0.0000
  -0.91025    0.0000    0.0000    0.0000    0.0000
  -0.90887    0.0000    0.0000    0.0000    0.0000
  -0.90750    0.0000    0.0000    0.0000    0.0000
  -0.90612    0.0000    0.0000    0.0000    0.0000
  -0.90475    0.0000    0.0000    0.0000    0.0000
  -0.90337    0.0000    0.0000    0.0000    0.0000
  -0.90200    0.0000    0.0000    0.0000    0.0000
  -0.90062    0.0000    0.0000    0.0000    0.0000
  -0.89925    0.0000    0.0000    0.0000    0.0000
  -0.89787    0.0000    0.0000    0.0000    0.0000
  -0.89650    0.0000    0.0000    0.0000    0.0000
  -0.89512    0.0000    0.0000    0.0000    0.0000
  -0.89375    0.0000    0.0000    0.0000    0.0000
  -0.89237    0.0000    0.0000    0.0000    0.0000
  -0.89100    0.0000    0.0000    0.0000    0.0000
  -0.88962    0.0000    0.0000    0.0000    0.0000
  -0.88825    0.0000    0.0000    0.0000    0.0000
  -0.88687    0.0000    0.0000    0.0000    0.0000
  -0.88550    0.0000    0.0000    0.0000    0.0000
  -0.88412    0.0000    0.0000    0.0000    0.0000
  -0.88275    0.0000    0.0000    0.0000    0.0000
  -0.88137    0.0000    0.0000    0.0000    0.0000
  -0.88000    0.0000    0.0000    0.0000    0.0000
  -0.87862    0.0000    0.0000    0.0000    0.0000
  -0.87725    0.0000    0.0000    0.0000    0.0000
  -0.87587    0.0000    0.0000    0.0000    0.0000
  -0.87450    0.0000    0.0000    0.0000    0.0000
  -0.87312    0.0000    0.0000    0.0000    0.0000
  -0.87175    0.0000    0.0000    0.0000    0.0000
  -0.87038    0.0000    0.0000    0.0000    0.0000
  -0.86900    0.0000    0.0000    0.0000    0.0000
  -0.86762    0.0000    0.0000    0.0000    0.0000
  -0.86625    0.0000    0.0000    0.0000    0.0000
  -0.86487    0.0000    0.0000    0.0000    0.0000
  -0.86350    0.0000    0.0000    0.0000    0.0000
  -0.86212    0.0000    0.0000    0.0000    0.0000
  -0.86075    0.0000    0.0000    0.0000    0.0000
  -0.85937    0.0000    0.0000    0.0000    0.0000
  -0.85800    0.0000    0.0000    0.0000    0.0000
  -0.85662    0.0000    0.0000    0.0000    0.0000
  -0.85525    0.0000    0.0000    0.0000    0.0000
  -0.85387    0.0000    0.0000    0.0000    0.0000
  -0.85250    0.0000    0.0000    0.0000    0.0000
  -0.85113    0.0000    0.0000    0.0000    0.0000
  -0.84975    0.0000    0.0000    0.0000    0.0000
  -0.84837    0.0000    0.0000    0.0000    0.0000
  -0.84700    0.0000    0.0000    0.0000    0.0000
  -0.84562    0.0000    0.0000    0.0000    0.0000
  -0.84425    0.0000    0.0000    0.0000    0.0000
  -0.84287    0.0000    0.0000    0.0000    0.0000
  -0.84150    0.0000    0.0000    0.0000    0.0000
  -0.84012    0.0000    0.0000    0.0000    0.0000
  -0.83875    0.0000    0.0000    0.0000    0.0000
  -0.83737    0.0000    0.0000    0.0000    0.0000
  -0.83600    0.0000    0.0000    0.0000    0.0000
  -0.83462    0.0000    0.0000    0.0000    0.0000
  -0.83325    0.0000    0.0000    0.0000    0.0000
  -0.83188    0.0000    0.0000    0.0000    0.0000
  -0.83050    0.0000    0.0000    0.0000    0.0000
  -0.82913    0.0000    0.0000    0.0000    0.0000
  -0.82775    0.0000    0.0000    0.0000    0.0000
  -0.82637    0.0000    0.0000    0.0000    0.0000
  -0.82500    0.0000    0.0000    0.0000    0.0000
  -0.82362    0.0000    0.0000    0.0000    0.0000
  -0.82225    0.0000    0.0000    0.0000    0.0000
  -0.82087    0.0000    0.0000    0.0000    0.0000
  -0.81950    0.0000    0.0000    0.0000    0.0000
  -0.81812    0.0000    0.0000    0.0000    0.0000
  -0.81675    0.0000    0.0000    0.0000    0.0000
  -0.81537    0.0000    0.0000    0.0000    0.0000
  -0.81400    0.0000    0.0000    0.0000    0.0000
  -0.81262    0.0000    0.0000    0.0000    0.0000
  -0.81125    0.0000    0.0000    0.0000    0.0000
  -0.80988    0.0000    0.0000    0.0000    0.0000
  -0.80850    0.0000    0.0000    0.0000    0.0000
  -0.80712    0.0000    0.0000    0.0000    0.0000
  -0.80575    0.0000    0.0000    0.0000    0.0000
  -0.80437    0.0000    0.0000    0.0000    0.0000
  -0.80300    0.0000    0.0000    0.0000    0.0000
  -0.80162    0.0000    0.0000    0.0000    0.0000
  -0.80025    0.0000    0.0000    0.0000    0.0000
  -0.79887    0.0000    0.0000    0.0000    0.0000
  -0.79750    0.0000    0.0000    0.0000    0.0000
  -0.79612    0.0000    0.0000    0.0000    0.0000
  -0.79475    0.0000    0.0000    0.0000    0.0000
  -0.79337    0.0000    0.0000    0.0000    0.0000
  -0.79200    0.0000    0.0000    0.0000    0.0000
  -0.79063    0.0000    0.0000    0.0000    0.0000
  -0.78925    0.0000    0.0000    0.0000    0.0000
  -0.78787    0.0000    0.0000    0.0000    0.0000
  -0.78650    0.0000    0.0000    0.0000    0.0000
  -0.78512    0.0000    0.0000    0.0000    0.0000
  -0.78375    0.0000    0.0000    0.0000    0.0000
  -0.78237    0.0000    0.0000    0.0000    0.0000
  -0.78100    0.0000    0.0000    0.0000    0.0000
  -0.77962    0.0000    0.0000    0.0000    0.0000
  -0.77825    0.0000    0.0000    0.0000    0.0000
  -0.77687    0.0000    0.0000    0.0000    0.0000
  -0.77550    0.0000    0.0000    0.0000    0.0000
  -0.77412    0.0000    0.0000    0.0000    0.0000
  -0.77275    0.0000    0.0000    0.0000    0.0000
  -0.77137    0.0000    0.0000    0.0000    0.0000
  -0.77000    0.0000    0.0000    0.0000    0.0000
  -0.76863    0.0000    0.0000    0.0000    0.0000
  -0.76725    0.0000    0.0000    0.0000    0.0000
  -0.76587    0.0000    0.0000    0.0000    0.0000
  -0.76450    0.0000    0.0000    0.0000    0.0000
  -0.76312    0.0000    0.0000    0.0000    0.0000
  -0.76175    0.0000    0.0000    0.0000    0.0000
  -0.76037    0.0000    0.0000    0.0000    0.0000
  -0.75900    0.0000    0.0000    0.0000    0.0000
  -0.75762    0.0000    0.0000    0.0000    0.0000
  -0.75625    0.0000    0.0000    0.0000    0.0000
  -0.75487    0.0000    0.0000    0.0000    0.0000
  -0.75350    0.0000    0.0000    0.0000    0.0000
  -0.75212    0.0000    0.0000    0.0000    0.0000
  -0.75075    0.0000    0.0000    0.0000    0.0000
  -0.74938    0.0000    0.0000    0.0000    0.0000
  -0.74800    0.0000    0.0000    0.0000    0.0000
  -0.74662    0.0000    0.0000    0.0000    0.0000
  -0.74525    0.0000    0.0000    0.0000    0.0000
  -0.74387    0.0000    0.0000    0.0000    0.0000
  -0.74250    0.0000    0.0000    0.0000    0.0000
  -0.74112    0.0000    0.0000    0.0000    0.0000
  -0.73975    0.0000    0.0000    0.0000    0.0000
  -0.73837    0.0000    0.0000    0.0000    0.0000
  -0.73700    0.0000    0.0000    0.0000    0.0000
  -0.73562    0.0000    0.0000    0.0000    0.0000
  -0.73425    0.0000    0.0000    0.0000    0.0000
  -0.73287    0.0000    0.0000    0.0000    0.0000
  -0.73150    0.0000    0.0000    0.0000    0.0000
  -0.73013    0.0000    0.0000    0.0000    0.0000
  -0.72875    0.0000    0.0000    0.0000    0.0000
  -0.72737    0.0000    0.0000    0.0000    0.0000
  -0.72600    0.0000    0.0000    0.0000    0.0000
  -0.72462    0.0000    0.0000    0.0000    0.0000
  -0.72325    0.0000    0.0000    0.0000    0.0000
  -0.72187    0.0000    0.0000    0.0000    0.0000
  -0.72050    0.0000    0.0000    0.0000    0.0000
  -0.71912    0.0001    0.0001    0.0000    0.0000
  -0.71775    0.0001    0.0001    0.0000    0.0000
  -0.71637    0.0001    0.0001    0.0000    0.0000
  -0.71500    0.0001    0.0001    0.0000    0.0000
  -0.71362    0.0001    0.0001    0.0000    0.0000
  -0.71225    0.0002    0.0002    0.0000    0.0000
  -0.71087    0.0002    0.0002    0.0000    0.0000
  -0.70950    0.0003    0.0003    0.0000    0.0000
  -0.70813    0.0005    0.0005    0.0000    0.0000
  -0.70675    0.0007    0.0007    0.0000    0.0000
  -0.70537    0.0013    0.0013    0.0000    0.0000
  -0.70400    0.0025    0.0024    0.0000    0.0000
  -0.70262    0.0054    0.0054    0.0000    0.0000
  -0.70125    0.0118    0.0118    0.0000    0.0000
  -0.69987    0.0211    0.0210    0.0001    0.0001
  -0.69850    0.0283    0.0281    0.0001    0.0001
  -0.69712    0.0333    0.0330    0.0002    0.0001
  -0.69575    0.0491    0.0485    0.0005    0.0001
  -0.69437    0.0869    0.0857    0.0009    0.0002
  -0.69300    0.1279    0.1261    0.0015    0.0004
  -0.69162    0.1382    0.1361    0.0017    0.0004
  -0.69025    0.1277    0.1254    0.0019    0.0004
  -0.68888    0.1489    0.1457    0.0027    0.0004
  -0.68750    0.2141    0.2091    0.0044    0.0006
  -0.68612    0.2584    0.2523    0.0054    0.0007
  -0.68475    0.2292    0.2236    0.0050    0.0007
  -0.68337    0.1711    0.1666    0.0041    0.0005
  -0.68200    0.1572    0.1524    0.0043    0.0005
  -0.68062    0.1811    0.1752    0.0054    0.0006
  -0.67925    0.1810    0.1748    0.0056    0.0006
  -0.67787    0.1442    0.1390    0.0047    0.0004
  -0.67650    0.1216    0.1167    0.0045    0.0004
  -0.67512    0.1392    0.1331    0.0057    0.0004
  -0.67375    0.1643    0.1567    0.0071    0.0005
  -0.67237    0.1782    0.1695    0.0082    0.0006
  -0.67100    0.2291    0.2171    0.0112    0.0008
  -0.66962    0.3552    0.3359    0.0181    0.0012
  -0.66825    0.4825    0.4559    0.0249    0.0017
  -0.66687    0.4964    0.4686    0.0260    0.0018
  -0.66550    0.4212    0.3969    0.0227    0.0016
  -0.66412    0.3993    0.3750    0.0227    0.0016
  -0.66275    0.4696    0.4399    0.0277    0.0019
  -0.66137    0.5027    0.4705    0.0301    0.0021
  -0.66000    0.4016    0.3757    0.0242    0.0017
  -0.65862    0.2346    0.2194    0.0142    0.0010
  -0.65725    0.1119    0.1045    0.0069    0.0005
  -0.65587    0.0598    0.0556    0.0039    0.0003
  -0.65450    0.0572    0.0527    0.0042    0.0003
  -0.65312    0.0963    0.0883    0.0075    0.0005
  -0.65175    0.1747    0.1599    0.0139    0.0009
  -0.65037    0.2572    0.2350    0.0209    0.0013
  -0.64900    0.2996    0.2729    0.0250    0.0016
  -0.64763    0.3312    0.3006    0.0287    0.0019
  -0.64625    0.4305    0.3895    0.0385    0.0025
  -0.64487    0.5738    0.5185    0.0519    0.0035
  -0.64350    0.6281    0.5670    0.0571    0.0039
  -0.64212    0.5570    0.5017    0.0518    0.0035
  -0.64075    0.4931    0.4419    0.0482    0.0030
  -0.63937    0.5219    0.4655    0.0533    0.0031
  -0.63800    0.5500    0.4900    0.0567    0.0033
  -0.63662    0.4941    0.4399    0.0512    0.0031
  -0.63525    0.4390    0.3895    0.0466    0.0029
  -0.63387    0.4769    0.4213    0.0523    0.0033
  -0.63250    0.5274    0.4652    0.0584    0.0038
  -0.63112    0.4684    0.4132    0.0518    0.0035
  -0.62975    0.3406    0.3002    0.0377    0.0027
  -0.62837    0.2634    0.2315    0.0295    0.0024
  -0.62700    0.2519    0.2207    0.0288    0.0025
  -0.62562    0.2569    0.2243    0.0301    0.0025
  -0.62425    0.2897    0.2517    0.0354    0.0026
  -0.62287    0.3808    0.3292    0.0484    0.0033
  -0.62150    0.4929    0.4242    0.0642    0.0045
  -0.62012    0.5715    0.4905    0.0754    0.0056
  -0.61875    0.6424    0.5504    0.0853    0.0067
  -0.61737    0.7664    0.6553    0.1027    0.0084
  -0.61600    0.8921    0.7611    0.1209    0.0101
  -0.61462    0.8714    0.7421    0.1191    0.0102
  -0.61325    0.6596    0.5609    0.0908    0.0079
  -0.61187    0.3888    0.3293    0.0550    0.0046
  -0.61050    0.2044    0.1702    0.0320    0.0023
  -0.60912    0.1285    0.1035    0.0238    0.0012
  -0.60775    0.1172    0.0928    0.0233    0.0011
  -0.60637    0.1542    0.1224    0.0302    0.0017
  -0.60500    0.2433    0.1926    0.0478    0.0029
  -0.60362    0.3732    0.2951    0.0734    0.0048
  -0.60225    0.5418    0.4330    0.1010    0.0078
  -0.60087    0.7466    0.6052    0.1295    0.0118
  -0.59950    0.9086    0.7412    0.1525    0.0148
  -0.59812    0.9240    0.7522    0.1571    0.0147
  -0.59675    0.8146    0.6599    0.1423    0.0124
  -0.59537    0.7094    0.5754    0.1234    0.0106
  -0.59400    0.6842    0.5587    0.1148    0.0107
  -0.59262    0.6887    0.5638    0.1137    0.0112
  -0.59125    0.6467    0.5275    0.1084    0.0108
  -0.58987    0.5749    0.4647    0.1001    0.0101
  -0.58850    0.5558    0.4429    0.1022    0.0106
  -0.58712    0.6036    0.4743    0.1173    0.0119
  -0.58575    0.6380    0.4962    0.1295    0.0123
  -0.58437    0.6164    0.4763    0.1286    0.0115
  -0.58300    0.6160    0.4741    0.1300    0.0119
  -0.58162    0.7236    0.5553    0.1536    0.0148
  -0.58025    0.8755    0.6715    0.1855    0.0185
  -0.57887    0.9388    0.7229    0.1954    0.0205
  -0.57750    0.9112    0.7056    0.1845    0.0211
  -0.57612    0.8626    0.6684    0.1724    0.0218
  -0.57475    0.7889    0.6077    0.1594    0.0218
  -0.57337    0.6538    0.4980    0.1364    0.0194
  -0.57200    0.4765    0.3522    0.1099    0.0144
  -0.57062    0.3307    0.2251    0.0964    0.0091
  -0.56925    0.2662    0.1623    0.0976    0.0063
  -0.56787    0.2830    0.1723    0.1036    0.0071
  -0.56650    0.3866    0.2536    0.1218    0.0112
  -0.56512    0.5529    0.3770    0.1595    0.0164
  -0.56375    0.6715    0.4614    0.1912    0.0189
  -0.56237    0.6555    0.4512    0.1874    0.0170
  -0.56100    0.5666    0.3930    0.1598    0.0138
  -0.55962    0.5492    0.3873    0.1481    0.0138
  -0.55825    0.6560    0.4684    0.1697    0.0179
  -0.55687    0.8034    0.5728    0.2070    0.0237
  -0.55550    0.9393    0.6610    0.2477    0.0306
  -0.55412    1.0999    0.7634    0.2969    0.0396
  -0.55275    1.2475    0.8595    0.3399    0.0480
  -0.55137    1.2781    0.8773    0.3502    0.0507
  -0.55000    1.1897    0.8104    0.3319    0.0475
  -0.54862    1.0664    0.7105    0.3135    0.0425
  -0.54725    0.9564    0.6129    0.3048    0.0386
  -0.54587    0.8671    0.5411    0.2892    0.0368
  -0.54450    0.8258    0.5258    0.2622    0.0378
  -0.54312    0.8567    0.5698    0.2443    0.0425
  -0.54175    0.9218    0.6308    0.2427    0.0483
  -0.54037    0.9312    0.6456    0.2359    0.0497
  -0.53900    0.8480    0.5916    0.2122    0.0443
  -0.53762    0.7663    0.5325    0.1964    0.0374
  -0.53625    0.7663    0.5232    0.2084    0.0347
  -0.53487    0.7928    0.5274    0.2303    0.0351
  -0.53350    0.7992    0.5146    0.2482    0.0364
  -0.53212    0.7907    0.4894    0.2638    0.0374
  -0.53075    0.7223    0.4280    0.2596    0.0348
  -0.52937    0.5869    0.3373    0.2214    0.0282
  -0.52800    0.4699    0.2743    0.1721    0.0235
  -0.52662    0.4532    0.2782    0.1479    0.0271
  -0.52525    0.5868    0.3709    0.1738    0.0421
  -0.52387    0.8416    0.5331    0.2460    0.0625
  -0.52250    1.0785    0.6764    0.3260    0.0761
  -0.52112    1.1960    0.7366    0.3807    0.0787
  -0.51975    1.2419    0.7475    0.4158    0.0786
  -0.51837    1.2669    0.7514    0.4356    0.0798
  -0.51700    1.1813    0.6989    0.4074    0.0751
  -0.51562    0.9214    0.5455    0.3158    0.0601
  -0.51425    0.6425    0.3804    0.2162    0.0459
  -0.51287    0.5715    0.3392    0.1839    0.0484
  -0.51150    0.7448    0.4431    0.2324    0.0693
  -0.51012    0.9895    0.5930    0.3044    0.0921
  -0.50875    1.1496    0.7023    0.3452    0.1021
  -0.50737    1.2191    0.7600    0.3565    0.1026
  -0.50600    1.2113    0.7554    0.3549    0.1010
  -0.50462    1.1325    0.6883    0.3443    0.0998
  -0.50325    1.0898    0.6405    0.3433    0.1060
  -0.50187    1.1530    0.6721    0.3599    0.1210
  -0.50050    1.1987    0.7071    0.3618    0.1298
  -0.49912    1.1003    0.6496    0.3319    0.1188
  -0.49775    0.9435    0.5381    0.3073    0.0981
  -0.49637    0.8847    0.4726    0.3237    0.0883
  -0.49500    0.9069    0.4626    0.3544    0.0899
  -0.49362    0.9016    0.4628    0.3484    0.0904
  -0.49225    0.9001    0.4898    0.3177    0.0926
  -0.49088    0.9759    0.5640    0.3085    0.1034
  -0.48950    1.0640    0.6291    0.3192    0.1156
  -0.48812    1.1066    0.6492    0.3322    0.1252
  -0.48675    1.1362    0.6479    0.3499    0.1384
  -0.48537    1.1468    0.6238    0.3684    0.1547
  -0.48400    1.1055    0.5632    0.3734    0.1689
  -0.48263    1.0423    0.4998    0.3611    0.1814
  -0.48125    1.0483    0.4995    0.3515    0.1974
  -0.47987    1.2226    0.6136    0.3813    0.2277
  -0.47850    1.5514    0.8169    0.4584    0.2762
  -0.47712    1.8349    0.9866    0.5305    0.3178
  -0.47575    1.8639    1.0070    0.5348    0.3221
  -0.47437    1.6436    0.8820    0.4692    0.2924
  -0.47300    1.3606    0.7131    0.3889    0.2585
  -0.47163    1.1789    0.5922    0.3411    0.2457
  -0.47025    1.1563    0.5543    0.3357    0.2662
  -0.46887    1.3150    0.6106    0.3805    0.3239
  -0.46750    1.6096    0.7332    0.4757    0.4007
  -0.46612    1.8616    0.8393    0.5689    0.4534
  -0.46475    1.9319    0.8797    0.5969    0.4552
  -0.46337    1.8748    0.8804    0.5688    0.4256
  -0.46200    1.7996    0.8652    0.5379    0.3965
  -0.46063    1.7338    0.8285    0.5207    0.3846
  -0.45925    1.6722    0.7787    0.4950    0.3985
  -0.45787    1.6532    0.7537    0.4592    0.4403
  -0.45650    1.7369    0.7903    0.4450    0.5016
  -0.45512    1.8821    0.8655    0.4570    0.5597
  -0.45375    1.9864    0.9262    0.4663    0.5939
  -0.45237    2.0986    0.9883    0.4841    0.6262
  -0.45100    2.3428    1.0940    0.5498    0.6991
  -0.44962    2.6816    1.2167    0.6535    0.8114
  -0.44825    2.9744    1.3039    0.7433    0.9272
  -0.44687    3.1575    1.3437    0.7907    1.0231
  -0.44550    3.2468    1.3519    0.8039    1.0910
  -0.44412    3.2580    1.3473    0.7868    1.1238
  -0.44275    3.1972    1.3427    0.7378    1.1167
  -0.44138    3.0852    1.3383    0.6751    1.0718
  -0.44000    2.9496    1.3268    0.6198    1.0031
  -0.43862    2.8206    1.3081    0.5785    0.9341
  -0.43725    2.7372    1.2951    0.5551    0.8869
  -0.43587    2.7247    1.2919    0.5522    0.8805
  -0.43450    2.7724    1.2829    0.5710    0.9185
  -0.43312    2.8665    1.2698    0.6167    0.9799
  -0.43175    3.0460    1.2995    0.6951    1.0514
  -0.43038    3.3624    1.4157    0.8040    1.1427
  -0.42900    3.7438    1.5856    0.9125    1.2457
  -0.42762    4.0027    1.7222    0.9643    1.3162
  -0.42625    4.0251    1.7771    0.9307    1.3173
  -0.42487    3.8754    1.7761    0.8427    1.2565
  -0.42350    3.7058    1.7736    0.7562    1.1760
  -0.42212    3.5881    1.7854    0.6936    1.1091
  -0.42075    3.4790    1.7782    0.6394    1.0615
  -0.41937    3.3731    1.7460    0.5868    1.0403
  -0.41800    3.3828    1.7534    0.5619    1.0675
  -0.41662    3.5952    1.8607    0.5841    1.1504
  -0.41525    3.9537    2.0501    0.6305    1.2731
  -0.41387    4.3478    2.2565    0.6727    1.4186
  -0.41250    4.7194    2.4303    0.7145    1.5746
  -0.41113    5.0292    2.5518    0.7590    1.7184
  -0.40975    5.2199    2.6145    0.7865    1.8190
  -0.40837    5.2796    2.6245    0.7925    1.8626
  -0.40700    5.2697    2.6047    0.8013    1.8637
  -0.40562    5.2284    2.5660    0.8221    1.8403
  -0.40425    5.1123    2.4854    0.8293    1.7977
  -0.40287    4.9048    2.3495    0.8071    1.7483
  -0.40150    4.7060    2.2002    0.7823    1.7235
  -0.40013    4.6285    2.0952    0.7873    1.7460
  -0.39875    4.6660    2.0457    0.8185    1.8018
  -0.39737    4.7096    2.0116    0.8445    1.8536
  -0.39600    4.6479    1.9424    0.8363    1.8692
  -0.39462    4.4488    1.8175    0.7929    1.8385
  -0.39325    4.1673    1.6556    0.7352    1.7765
  -0.39187    3.9073    1.5040    0.6884    1.7149
  -0.39050    3.7650    1.4079    0.6668    1.6904
  -0.38912    3.7466    1.3616    0.6621    1.7229
  -0.38775    3.7752    1.3197    0.6615    1.7940
  -0.38637    3.8091    1.2700    0.6737    1.8654
  -0.38500    3.8685    1.2394    0.7091    1.9200
  -0.38362    3.9449    1.2283    0.7490    1.9676
  -0.38225    3.9899    1.2044    0.7624    2.0232
  -0.38087    4.0060    1.1611    0.7506    2.0943
  -0.37950    4.0255    1.1121    0.7435    2.1699
  -0.37812    4.0219    1.0445    0.7535    2.2239
  -0.37675    3.9597    0.9436    0.7657    2.2504
  -0.37537    3.8714    0.8331    0.7671    2.2712
  -0.37400    3.8155    0.7489    0.7667    2.2998
  -0.37262    3.8139    0.7002    0.7871    2.3266
  -0.37125    3.8416    0.6669    0.8351    2.3395
  -0.36988    3.8547    0.6259    0.8901    2.3387
  -0.36850    3.8514    0.5788    0.9321    2.3405
  -0.36712    3.8854    0.5458    0.9719    2.3676
  -0.36575    3.9815    0.5344    1.0239    2.4232
  -0.36437    4.0925    0.5311    1.0756    2.4859
  -0.36300    4.1671    0.5224    1.1092    2.5356
  -0.36162    4.2127    0.5096    1.1326    2.5705
  -0.36025    4.2918    0.5094    1.1784    2.6040
  -0.35887    4.4552    0.5366    1.2647    2.6539
  -0.35750    4.6756    0.5809    1.3700    2.7247
  -0.35612    4.8824    0.6167    1.4668    2.7990
  -0.35475    5.0231    0.6288    1.5423    2.8519
  -0.35337    5.0572    0.6126    1.5774    2.8672
  -0.35200    4.9599    0.5639    1.5560    2.8401
  -0.35062    4.7562    0.4902    1.4887    2.7773
  -0.34925    4.5029    0.4153    1.3994    2.6881
  -0.34787    4.2317    0.3548    1.3000    2.5768
  -0.34650    3.9486    0.3019    1.1953    2.4514
  -0.34512    3.6784    0.2489    1.0990    2.3305
  -0.34375    3.4529    0.2022    1.0266    2.2241
  -0.34237    3.2678    0.1707    0.9772    2.1199
  -0.34100    3.1090    0.1581    0.9445    2.0064
  -0.33963    3.0037    0.1646    0.9382    1.9009
  -0.33825    2.9740    0.1817    0.9608    1.8316
  -0.33687    2.9792    0.1925    0.9814    1.8052
  -0.33550    2.9944    0.1889    0.9828    1.8228
  -0.33412    3.0626    0.1777    0.9932    1.8916
  -0.33275    3.1900    0.1669    1.0291    1.9939
  -0.33137    3.3079    0.1569    1.0628    2.0881
  -0.33000    3.3813    0.1498    1.0738    2.1578
  -0.32863    3.4449    0.1514    1.0749    2.2187
  -0.32725    3.5226    0.1627    1.0810    2.2789
  -0.32587    3.5983    0.1778    1.0916    2.3290
  -0.32450    3.6445    0.1904    1.0948    2.3592
  -0.32312    3.6337    0.1978    1.0730    2.3629
  -0.32175    3.5570    0.1990    1.0239    2.3340
  -0.32037    3.4416    0.1942    0.9695    2.2779
  -0.31900    3.3345    0.1863    0.9330    2.2151
  -0.31762    3.2738    0.1810    0.9255    2.1674
  -0.31625    3.2701    0.1815    0.9434    2.1452
  -0.31487    3.2958    0.1860    0.9635    2.1462
  -0.31350    3.3121    0.1911    0.9610    2.1599
  -0.31212    3.3103    0.1958    0.9406    2.1740
  -0.31075    3.2995    0.2017    0.9213    2.1766
  -0.30937    3.2757    0.2114    0.9031    2.1612
  -0.30800    3.2378    0.2245    0.8806    2.1327
  -0.30662    3.2009    0.2350    0.8672    2.0987
  -0.30525    3.1687    0.2349    0.8760    2.0578
  -0.30387    3.1226    0.2230    0.8928    2.0068
  -0.30250    3.0512    0.2039    0.8943    1.9529
  -0.30112    2.9720    0.1825    0.8810    1.9085
  -0.29975    2.9123    0.1627    0.8714    1.8783
  -0.29838    2.8926    0.1518    0.8768    1.8640
  -0.29700    2.9325    0.1566    0.9012    1.8746
  -0.29562    3.0264    0.1743    0.9402    1.9120
  -0.29425    3.1118    0.1914    0.9677    1.9527
  -0.29287    3.1195    0.1950    0.9555    1.9691
  -0.29150    3.0589    0.1834    0.9124    1.9630
  -0.29012    3.0052    0.1664    0.8776    1.9613
  -0.28875    3.0118    0.1548    0.8767    1.9803
  -0.28737    3.0691    0.1509    0.9064    2.0118
  -0.28600    3.1420    0.1502    0.9529    2.0388
  -0.28462    3.2062    0.1504    1.0057    2.0501
  -0.28325    3.2496    0.1545    1.0544    2.0407
  -0.28187    3.2642    0.1664    1.0867    2.0112
  -0.28050    3.2498    0.1836    1.0967    1.9695
  -0.27912    3.2248    0.1963    1.0956    1.9329
  -0.27775    3.2281    0.1966    1.1072    1.9243
  -0.27637    3.2864    0.1874    1.1433    1.9557
  -0.27500    3.3805    0.1776    1.1879    2.0150
  -0.27362    3.4649    0.1717    1.2149    2.0782
  -0.27225    3.5135    0.1679    1.2156    2.1301
  -0.27087    3.5260    0.1615    1.1985    2.1659
  -0.26950    3.5128    0.1505    1.1760    2.1863
  -0.26813    3.5003    0.1382    1.1610    2.2010
  -0.26675    3.5122    0.1305    1.1567    2.2251
  -0.26537    3.5427    0.1293    1.1498    2.2636
  -0.26400    3.5744    0.1320    1.1318    2.3106
  -0.26262    3.5990    0.1349    1.1054    2.3588
  -0.26125    3.6159    0.1361    1.0743    2.4056
  -0.25987    3.6319    0.1361    1.0443    2.4515
  -0.25850    3.6534    0.1361    1.0221    2.4951
  -0.25712    3.6770    0.1366    1.0077    2.5328
  -0.25575    3.6983    0.1374    0.9979    2.5630
  -0.25437    3.7214    0.1391    0.9931    2.5892
  -0.25300    3.7524    0.1428    0.9942    2.6154
  -0.25162    3.7881    0.1489    0.9964    2.6429
  -0.25025    3.8179    0.1567    0.9907    2.6705
  -0.24887    3.8371    0.1648    0.9758    2.6966
  -0.24750    3.8491    0.1708    0.9586    2.7197
  -0.24612    3.8556    0.1729    0.9445    2.7382
  -0.24475    3.8577    0.1714    0.9335    2.7528
  -0.24337    3.8589    0.1689    0.9232    2.7669
  -0.24200    3.8620    0.1673    0.9116    2.7831
  -0.24062    3.8701    0.1672    0.9020    2.8010
  -0.23925    3.8910    0.1688    0.9031    2.8191
  -0.23787    3.9305    0.1723    0.9202    2.8380
  -0.23650    3.9858    0.1778    0.9482    2.8599
  -0.23512    4.0461    0.1848    0.9736    2.8878
  -0.23375    4.0938    0.1914    0.9795    2.9229
  -0.23237    4.1159    0.1955    0.9569    2.9634
  -0.23100    4.1219    0.1971    0.9179    3.0069
  -0.22962    4.1363    0.1979    0.8851    3.0533
  -0.22825    4.1715    0.1997    0.8684    3.1035
  -0.22687    4.2230    0.2031    0.8630    3.1569
  -0.22550    4.2838    0.2076    0.8644    3.2117
  -0.22412    4.3481    0.2128    0.8695    3.2658
  -0.22275    4.4029    0.2173    0.8678    3.3179
  -0.22137    4.4429    0.2206    0.8546    3.3677
  -0.22000    4.4819    0.2230    0.8427    3.4162
  -0.21862    4.5296    0.2250    0.8405    3.4641
  -0.21725    4.5796    0.2267    0.8409    3.5120
  -0.21587    4.6257    0.2280    0.8376    3.5600
  -0.21450    4.6688    0.2288    0.8323    3.6077
  -0.21312    4.7096    0.2289    0.8260    3.6546
  -0.21175    4.7475    0.2282    0.8187    3.7006
  -0.21037    4.7833    0.2268    0.8105    3.7459
  -0.20900    4.8165    0.2252    0.8005    3.7909
  -0.20762    4.8461    0.2234    0.7874    3.8353
  -0.20625    4.8738    0.2215    0.7734    3.8789
  -0.20487    4.9029    0.2195    0.7623    3.9211
  -0.20350    4.9345    0.2175    0.7556    3.9614
  -0.20212    4.9670    0.2154    0.7521    3.9995
  -0.20075    4.9977    0.2132    0.7495    4.0349
  -0.19937    5.0237    0.2112    0.7455    4.0670
  -0.19800    5.0435    0.2092    0.7389    4.0954
  -0.19662    5.0568    0.2075    0.7297    4.1196
  -0.19525    5.0645    0.2061    0.7187    4.1397
  -0.19387    5.0681    0.2051    0.7067    4.1563
  -0.19250    5.0693    0.2045    0.6948    4.1701
  -0.19112    5.0707    0.2043    0.6844    4.1820
  -0.18975    5.0747    0.2044    0.6775    4.1927
  -0.18837    5.0820    0.2048    0.6745    4.2027
  -0.18700    5.0911    0.2053    0.6741    4.2118
  -0.18562    5.1010    0.2057    0.6751    4.2201
  -0.18425    5.1125    0.2065    0.6781    4.2279
  -0.18287    5.1270    0.2077    0.6839    4.2354
  -0.18150    5.1421    0.2087    0.6907    4.2427
  -0.18012    5.1513    0.2082    0.6937    4.2495
  -0.17875    5.1517    0.2058    0.6904    4.2555
  -0.17737    5.1491    0.2032    0.6844    4.2614
  -0.17600    5.1509    0.2019    0.6809    4.2681
  -0.17462    5.1586    0.2017    0.6806    4.2762
  -0.17325    5.1696    0.2023    0.6821    4.2852
  -0.17187    5.1810    0.2032    0.6835    4.2943
  -0.17050    5.1910    0.2041    0.6837    4.3031
  -0.16912    5.1988    0.2052    0.6826    4.3109
  -0.16775    5.2045    0.2063    0.6805    4.3177
  -0.16637    5.2085    0.2074    0.6779    4.3232
  -0.16500    5.2108    0.2085    0.6748    4.3275
  -0.16362    5.2114    0.2095    0.6718    4.3302
  -0.16225    5.2107    0.2104    0.6691    4.3312
  -0.16087    5.2084    0.2113    0.6670    4.3300
  -0.15950    5.2044    0.2122    0.6658    4.3264
  -0.15812    5.1985    0.2130    0.6653    4.3202
  -0.15675    5.1900    0.2136    0.6648    4.3116
  -0.15537    5.1777    0.2142    0.6627    4.3008
  -0.15400    5.1619    0.2147    0.6592    4.2880
  -0.15262    5.1440    0.2151    0.6558    4.2731
  -0.15125    5.1248    0.2154    0.6535    4.2559
  -0.14987    5.1035    0.2155    0.6520    4.2359
  -0.14850    5.0788    0.2156    0.6499    4.2134
  -0.14712    5.0503    0.2156    0.6461    4.1887
  -0.14575    5.0190    0.2155    0.6411    4.1624
  -0.14437    4.9871    0.2155    0.6370    4.1347
  -0.14300    4.9540    0.2154    0.6333    4.1053
  -0.14162    4.9161    0.2153    0.6270    4.0738
  -0.14025    4.8727    0.2151    0.6169    4.0407
  -0.13887    4.8283    0.2150    0.6068    4.0065
  -0.13750    4.7867    0.2147    0.5999    3.9721
  -0.13612    4.7477    0.2146    0.5951    3.9380
  -0.13475    4.7102    0.2146    0.5911    3.9044
  -0.13337    4.6754    0.2150    0.5890    3.8714
  -0.13200    4.6445    0.2157    0.5891    3.8396
  -0.13062    4.6161    0.2166    0.5896    3.8098
  -0.12925    4.5871    0.2174    0.5877    3.7820
  -0.12787    4.5551    0.2177    0.5817    3.7556
  -0.12650    4.5216    0.2178    0.5730    3.7308
  -0.12512    4.4919    0.2178    0.5657    3.7084
  -0.12375    4.4719    0.2183    0.5644    3.6892
  -0.12237    4.4626    0.2192    0.5696    3.6737
  -0.12100    4.4552    0.2208    0.5726    3.6619
  -0.11962    4.4404    0.2228    0.5642    3.6534
  -0.11825    4.4214    0.2252    0.5481    3.6481
  -0.11687    4.4081    0.2280    0.5342    3.6459
  -0.11550    4.4037    0.2311    0.5265    3.6461
  -0.11412    4.4057    0.2346    0.5232    3.6479
  -0.11275    4.4119    0.2385    0.5223    3.6511
  -0.11137    4.4216    0.2429    0.5233    3.6554
  -0.11000    4.4343    0.2478    0.5255    3.6609
  -0.10862    4.4486    0.2527    0.5285    3.6675
  -0.10725    4.4632    0.2568    0.5312    3.6752
  -0.10587    4.4768    0.2597    0.5333    3.6839
  -0.10450    4.4900    0.2616    0.5348    3.6936
  -0.10312    4.5038    0.2632    0.5364    3.7042
  -0.10175    4.5189    0.2649    0.5383    3.7157
  -0.10037    4.5344    0.2667    0.5403    3.7274
  -0.09900    4.5487    0.2683    0.5419    3.7385
  -0.09763    4.5606    0.2695    0.5428    3.7484
  -0.09625    4.5698    0.2702    0.5430    3.7566
  -0.09487    4.5768    0.2704    0.5431    3.7634
  -0.09350    4.5833    0.2701    0.5442    3.7690
  -0.09212    4.5923    0.2695    0.5480    3.7748
  -0.09075    4.6053    0.2687    0.5545    3.7820
  -0.08937    4.6169    0.2679    0.5595    3.7894
  -0.08800    4.6190    0.2671    0.5574    3.7945
  -0.08662    4.6116    0.2661    0.5485    3.7969
  -0.08525    4.6028    0.2648    0.5390    3.7989
  -0.08387    4.5973    0.2629    0.5332    3.8013
  -0.08250    4.5915    0.2601    0.5303    3.8010
  -0.08112    4.5792    0.2566    0.5282    3.7943
  -0.07975    4.5574    0.2523    0.5248    3.7802
  -0.07838    4.5304    0.2479    0.5197    3.7628
  -0.07700    4.5083    0.2440    0.5153    3.7490
  -0.07562    4.5017    0.2419    0.5171    3.7427
  -0.07425    4.5159    0.2416    0.5304    3.7439
  -0.07287    4.5447    0.2406    0.5522    3.7518
  -0.07150    4.5697    0.2369    0.5662    3.7666
  -0.07012    4.5778    0.2312    0.5580    3.7886
  -0.06875    4.5774    0.2262    0.5346    3.8166
  -0.06737    4.5842    0.2226    0.5127    3.8489
  -0.06600    4.6037    0.2194    0.4974    3.8870
  -0.06462    4.6381    0.2161    0.4857    3.9363
  -0.06325    4.6918    0.2128    0.4777    4.0013
  -0.06187    4.7698    0.2097    0.4753    4.0848
  -0.06050    4.8758    0.2071    0.4804    4.1884
  -0.05913    5.0109    0.2050    0.4937    4.3122
  -0.05775    5.1658    0.2036    0.5085    4.4536
  -0.05637    5.3233    0.2032    0.5126    4.6075
  -0.05500    5.4808    0.2038    0.5041    4.7729
  -0.05362    5.6551    0.2053    0.4944    4.9554
  -0.05225    5.8596    0.2071    0.4911    5.1614
  -0.05087    6.0938    0.2079    0.4913    5.3946
  -0.04950    6.3536    0.2069    0.4907    5.6559
  -0.04812    6.6405    0.2046    0.4886    5.9474
  -0.04675    6.9614    0.2018    0.4862    6.2734
  -0.04537    7.3230    0.1990    0.4849    6.6391
  -0.04400    7.7312    0.1963    0.4844    7.0506
  -0.04262    8.1972    0.1933    0.4844    7.5194
  -0.04125    8.7338    0.1903    0.4851    8.0584
  -0.03987    9.3468    0.1875    0.4876    8.6717
  -0.03850   10.0329    0.1853    0.4935    9.3541
  -0.03713   10.7774    0.1837    0.5030   10.0907
  -0.03575   11.5495    0.1823    0.5107   10.8565
  -0.03437   12.3026    0.1808    0.5098   11.6121
  -0.03300   12.9815    0.1790    0.5017   12.3008
  -0.03162   13.5465    0.1773    0.4934   12.8757
  -0.03025   14.0037    0.1756    0.4883   13.3398
  -0.02887   14.3915    0.1741    0.4853   13.7322
  -0.02750   14.7318    0.1726    0.4832   14.0760
  -0.02612   15.0209    0.1713    0.4816   14.3680
  -0.02475   15.2597    0.1700    0.4803   14.6093
  -0.02337   15.4610    0.1688    0.4791   14.8131
  -0.02200   15.6353    0.1677    0.4781   14.9896
  -0.02062   15.7957    0.1665    0.4771   15.1521
  -0.01925   15.9678    0.1652    0.4764   15.3262
  -0.01788   16.1710    0.1639    0.4758   15.5313
  -0.01650   16.4005    0.1626    0.4754   15.7625
  -0.01512   16.6383    0.1613    0.4752   16.0018
  -0.01375   16.8764    0.1601    0.4753   16.2411
  -0.01237   17.1188    0.1589    0.4757   16.4842
  -0.01100   17.3688    0.1578    0.4767   16.7343
  -0.00962   17.6236    0.1567    0.4784   16.9885
  -0.00825   17.8756    0.1558    0.4812   17.2387
  -0.00687   18.1165    0.1550    0.4847   17.4767
  -0.00550   18.3434    0.1546    0.4877   17.7010
  -0.00412   18.5626    0.1548    0.4896   17.9182
  -0.00275   18.7841    0.1558    0.4919   18.1364
  -0.00137   19.0111    0.1570    0.4943   18.3599
   0.00000   19.2378    0.1570    0.4916   18.5891
   0.00138   19.4598    0.1551    0.4802   18.8245
   0.00275   19.6845    0.1522    0.4641   19.0683
   0.00413   19.9263    0.1495    0.4493   19.3274
   0.00550   20.1972    0.1476    0.4383   19.6113
   0.00688   20.5027    0.1463    0.4302   19.9262
   0.00825   20.8446    0.1454    0.4238   20.2754
   0.00963   21.2263    0.1448    0.4184   20.6631
   0.01100   21.6515    0.1445    0.4137   21.0933
   0.01238   22.1243    0.1445    0.4096   21.5702
   0.01375   22.6505    0.1448    0.4060   22.0998
   0.01513   23.2373    0.1453    0.4029   22.6891
   0.01650   23.8896    0.1462    0.4003   23.3432
   0.01788   24.6059    0.1474    0.3982   24.0603
   0.01925   25.3758    0.1490    0.3967   24.8302
   0.02063   26.1828    0.1509    0.3958   25.6361
   0.02200   27.0092    0.1530    0.3957   26.4605
   0.02337   27.8393    0.1551    0.3962   27.2879
   0.02475   28.6560    0.1571    0.3975   28.1014
   0.02613   29.4371    0.1589    0.3993   28.8788
   0.02750   30.1589    0.1603    0.4017   29.5969
   0.02888   30.8056    0.1613    0.4044   30.2399
   0.03025   31.3699    0.1618    0.4073   30.8009
   0.03163   31.8499    0.1618    0.4101   31.2779
   0.03300   32.2485    0.1615    0.4129   31.6741
   0.03438   32.5743    0.1607    0.4154   31.9982
   0.03575   32.8384    0.1597    0.4177   32.2611
   0.03713   33.0509    0.1584    0.4196   32.4730
   0.03850   33.2185    0.1569    0.4212   32.6404
   0.03988   33.3446    0.1553    0.4225   32.7668
   0.04125   33.4320    0.1537    0.4234   32.8549
   0.04263   33.4840    0.1521    0.4240   32.9079
   0.04400   33.5047    0.1506    0.4243   32.9299
   0.04538   33.4984    0.1491    0.4243   32.9250
   0.04675   33.4666    0.1477    0.4239   32.8949
   0.04813   33.4073    0.1465    0.4232   32.8376
   0.04950   33.3189    0.1454    0.4223   32.7512
   0.05088   33.2017    0.1445    0.4211   32.6361
   0.05225   33.0510    0.1437    0.4197   32.4877
   0.05363   32.8575    0.1430    0.4182   32.2962
   0.05500   32.6219    0.1426    0.4167   32.0627
   0.05638   32.3566    0.1423    0.4153   31.7990
   0.05775   32.0675    0.1421    0.4140   31.5113
   0.05913   31.7511    0.1421    0.4131   31.1960
   0.06050   31.4038    0.1422    0.4125   30.8491
   0.06188   31.0256    0.1424    0.4124   30.4708
   0.06325   30.6165    0.1428    0.4130   30.0608
   0.06463   30.1765    0.1432    0.4144   29.6188
   0.06600   29.7097    0.1438    0.4169   29.1490
   0.06738   29.2220    0.1444    0.4204   28.6571
   0.06875   28.7124    0.1452    0.4246   28.1426
   0.07013   28.1677    0.1462    0.4288   27.5927
   0.07150   27.5693    0.1477    0.4332   26.9883
   0.07288   26.9105    0.1498    0.4405   26.3202
   0.07425   26.1947    0.1526    0.4533   25.5888
   0.07563   25.4100    0.1558    0.4683   24.7859
   0.07700   24.5227    0.1589    0.4747   23.8890
   0.07838   23.5115    0.1615    0.4668   22.8832
   0.07975   22.3912    0.1640    0.4526   21.7746
   0.08113   21.1863    0.1669    0.4444   20.5749
   0.08250   19.9037    0.1701    0.4466   19.2870
   0.08387   18.5404    0.1729    0.4559   17.9116
   0.08525   17.1077    0.1740    0.4672   16.4665
   0.08663   15.6577    0.1728    0.4772   15.0077
   0.08800   14.2888    0.1703    0.4864   13.6321
   0.08938   13.0962    0.1679    0.4962   12.4320
   0.09075   12.1104    0.1663    0.5068   11.4374
   0.09213   11.2973    0.1654    0.5178   10.6141
   0.09350   10.6096    0.1654    0.5274    9.9168
   0.09488   10.0197    0.1667    0.5286    9.3244
   0.09625    9.5133    0.1693    0.5156    8.8284
   0.09763    9.0802    0.1728    0.4938    8.4136
   0.09900    8.7186    0.1770    0.4757    8.0658
   0.10038    8.4350    0.1823    0.4706    7.7821
   0.10175    8.2316    0.1892    0.4832    7.5593
   0.10313    8.0876    0.1971    0.5122    7.3783
   0.10450    7.9539    0.2051    0.5426    7.2061
   0.10588    7.7748    0.2119    0.5557    7.0072
   0.10725    7.5172    0.2164    0.5487    6.7521
   0.10863    7.1859    0.2180    0.5351    6.4328
   0.11000    6.8212    0.2166    0.5254    6.0791
   0.11138    6.4796    0.2132    0.5216    5.7448
   0.11275    6.2066    0.2089    0.5276    5.4701
   0.11413    6.0138    0.2051    0.5484    5.2603
   0.11550    5.8786    0.2024    0.5775    5.0987
   0.11688    5.7710    0.2012    0.6035    4.9663
   0.11825    5.6700    0.2008    0.6246    4.8446
   0.11963    5.5435    0.1997    0.6365    4.7073
   0.12100    5.3468    0.1961    0.6239    4.5268
   0.12238    5.0786    0.1899    0.5884    4.3003
   0.12375    4.8065    0.1831    0.5592    4.0641
   0.12512    4.5981    0.1783    0.5553    3.8645
   0.12650    4.4511    0.1761    0.5591    3.7159
   0.12788    4.3304    0.1753    0.5509    3.6043
   0.12925    4.2445    0.1749    0.5440    3.5256
   0.13063    4.2325    0.1755    0.5616    3.4953
   0.13200    4.2958    0.1782    0.6011    3.5166
   0.13338    4.3858    0.1824    0.6416    3.5618
   0.13475    4.4473    0.1862    0.6698    3.5913
   0.13613    4.4661    0.1892    0.6857    3.5912
   0.13750    4.4827    0.1943    0.6979    3.5905
   0.13888    4.5382    0.2047    0.7112    3.6223
   0.14025    4.6255    0.2199    0.7227    3.6829
   0.14163    4.7207    0.2372    0.7341    3.7494
   0.14300    4.8171    0.2535    0.7547    3.8089
   0.14438    4.9042    0.2656    0.7878    3.8507
   0.14575    4.9548    0.2712    0.8238    3.8598
   0.14713    4.9473    0.2701    0.8500    3.8271
   0.14850    4.8688    0.2625    0.8614    3.7448
   0.14988    4.6989    0.2469    0.8584    3.5936
   0.15125    4.4349    0.2233    0.8440    3.3676
   0.15263    4.1507    0.1983    0.8326    3.1198
   0.15400    3.9747    0.1827    0.8452    2.9468
   0.15538    3.9705    0.1834    0.8854    2.9017
   0.15675    4.0769    0.1964    0.9335    2.9470
   0.15813    4.1846    0.2115    0.9644    3.0088
   0.15950    4.2302    0.2210    0.9644    3.0448
   0.16088    4.2028    0.2242    0.9334    3.0452
   0.16225    4.0924    0.2216    0.8761    2.9947
   0.16363    3.8681    0.2112    0.7922    2.8646
   0.16500    3.5313    0.1923    0.6865    2.6525
   0.16637    3.1692    0.1711    0.5824    2.4157
   0.16775    2.9089    0.1590    0.5115    2.2384
   0.16913    2.8095    0.1624    0.4889    2.1582
   0.17050    2.8286    0.1780    0.5061    2.1444
   0.17188    2.8888    0.1966    0.5460    2.1463
   0.17325    2.9506    0.2119    0.5967    2.1420
   0.17463    3.0089    0.2229    0.6492    2.1368
   0.17600    3.0539    0.2292    0.6920    2.1327
   0.17738    3.0724    0.2300    0.7153    2.1271
   0.17875    3.0818    0.2282    0.7209    2.1328
   0.18013    3.1352    0.2298    0.7285    2.1769
   0.18150    3.2692    0.2391    0.7610    2.2691
   0.18288    3.4516    0.2542    0.8183    2.3791
   0.18425    3.5975    0.2698    0.8729    2.4548
   0.18562    3.6393    0.2820    0.8979    2.4594
   0.18700    3.5807    0.2907    0.8935    2.3965
   0.18838    3.4648    0.2959    0.8731    2.2958
   0.18975    3.3144    0.2931    0.8419    2.1794
   0.19113    3.1444    0.2777    0.8065    2.0602
   0.19250    2.9812    0.2528    0.7755    1.9529
   0.19388    2.8444    0.2282    0.7462    1.8700
   0.19525    2.7561    0.2148    0.7183    1.8229
   0.19663    2.7306    0.2166    0.7023    1.8116
   0.19800    2.7348    0.2264    0.7009    1.8074
   0.19938    2.7235    0.2338    0.7102    1.7795
   0.20075    2.7090    0.2338    0.7354    1.7399
   0.20213    2.7308    0.2267    0.7806    1.7235
   0.20350    2.7629    0.2139    0.8255    1.7235
   0.20488    2.7251    0.1978    0.8352    1.6922
   0.20625    2.6002    0.1828    0.8028    1.6146
   0.20763    2.4763    0.1745    0.7668    1.5350
   0.20900    2.4352    0.1748    0.7651    1.4953
   0.21038    2.4373    0.1789    0.7844    1.4739
   0.21175    2.3475    0.1772    0.7689    1.4014
   0.21313    2.0946    0.1668    0.6835    1.2443
   0.21450    1.8244    0.1611    0.5746    1.0888
   0.21588    1.7926    0.1769    0.5370    1.0788
   0.21725    2.0674    0.2100    0.6113    1.2460
   0.21863    2.5051    0.2426    0.7639    1.4987
   0.22000    2.9524    0.2656    0.9374    1.7494
   0.22138    3.2978    0.2772    1.0726    1.9480
   0.22275    3.4602    0.2743    1.1282    2.0577
   0.22413    3.4386    0.2587    1.1080    2.0719
   0.22550    3.3046    0.2398    1.0468    2.0180
   0.22687    3.1253    0.2263    0.9726    1.9264
   0.22825    2.9299    0.2207    0.8976    1.8116
   0.22963    2.7489    0.2223    0.8363    1.6903
   0.23100    2.6328    0.2293    0.8117    1.5918
   0.23238    2.5891    0.2353    0.8258    1.5280
   0.23375    2.5418    0.2300    0.8402    1.4716
   0.23513    2.4243    0.2095    0.8190    1.3958
   0.23650    2.2810    0.1833    0.7792    1.3185
   0.23788    2.2000    0.1673    0.7623    1.2704
   0.23925    2.2019    0.1709    0.7799    1.2511
   0.24063    2.2466    0.1914    0.8134    1.2418
   0.24200    2.2850    0.2195    0.8396    1.2258
   0.24338    2.2940    0.2477    0.8483    1.1979
   0.24475    2.3019    0.2739    0.8498    1.1782
   0.24613    2.3453    0.2958    0.8579    1.1916
   0.24750    2.4072    0.3064    0.8723    1.2285
   0.24888    2.4369    0.2981    0.8824    1.2564
   0.25025    2.3935    0.2695    0.8704    1.2535
   0.25163    2.2503    0.2262    0.8147    1.2094
   0.25300    2.0279    0.1792    0.7193    1.1295
   0.25438    1.8320    0.1439    0.6343    1.0537
   0.25575    1.7706    0.1308    0.6127    1.0271
   0.25713    1.8452    0.1369    0.6576    1.0506
   0.25850    1.9979    0.1533    0.7436    1.1010
   0.25988    2.2097    0.1746    0.8595    1.1756
   0.26125    2.4659    0.1994    0.9915    1.2750
   0.26263    2.7028    0.2261    1.1008    1.3759
   0.26400    2.8572    0.2497    1.1554    1.4521
   0.26538    2.9122    0.2646    1.1537    1.4940
   0.26675    2.8813    0.2705    1.1101    1.5008
   0.26813    2.7743    0.2691    1.0376    1.4675
   0.26950    2.5653    0.2547    0.9353    1.3752
   0.27088    2.2590    0.2259    0.8083    1.2249
   0.27225    1.9217    0.1921    0.6780    1.0517