 Fhndlr:   Program: SHAPE, Version: HLS 03 Apr 2002                  TM: 09:34
                                                                     19-Jan-26

           FOR001: ../smx/CuMg_1.62.tfh                                        
           FOR002: ./CuMg_1.62.shp                                             
           FOR006: ./CuMg_1.62.prn                                             
           FOR050: ./CuMg_1.62.log                                             

 Input:    NSR =  129 Lmax=   30 NFI =   11 IVEF=    3

 Strinp:   Slope & Madelung matrices, Lat= hex, Job=CuMg_1.62  09:33/19-Jan-26  

           Site number :   1

 Blatts:   Si  =  0.497956 WSA =  0.551546 Sc  =  0.705663

           NSC =   24 NVN =   14

        1  0.49995000 -0.28864626 -0.81152648  0.99591259   6

          -0.00005000  0.00002887 -0.61113752  0.61113752
           0.49994999  0.28870400 -0.40578378  0.70566314
           0.50000000  0.28867513 -0.40574270  0.70566314
           0.50000000 -0.28867513 -0.20038896  0.61113752
           0.00000001 -0.57735026 -0.40574270  0.70566314
          -0.00005000 -0.57732139 -0.40578378  0.70566314

        2  0.49995000 -0.28864626  0.81152648  0.99591259   6

          -0.00005000  0.00002887  0.61113752  0.61113752
          -0.00005000 -0.57732139  0.40578378  0.70566314
           0.00000001 -0.57735026  0.40574270  0.70566314
           0.50000000 -0.28867513  0.20038896  0.61113752
           0.50000000  0.28867513  0.40574270  0.70566314
           0.49994999  0.28870400  0.40578378  0.70566314

        3 -0.50005000 -0.28864626  0.81152648  0.99596280   6

          -0.00005000  0.00002887  0.61113752  0.61113752
          -0.49999999  0.28867514  0.40574270  0.70566314
          -0.50000000  0.28867513  0.40574270  0.70566314
          -0.50000000 -0.28867513  0.20038896  0.61113752
          -0.00005001 -0.57732140  0.40578378  0.70566314
          -0.00005000 -0.57732139  0.40578378  0.70566314

        4 -0.50005000 -0.28864626 -0.81152648  0.99596280   6

          -0.00005000  0.00002887 -0.61113752  0.61113752
          -0.00005000 -0.57732139 -0.40578378  0.70566314
          -0.00005001 -0.57732140 -0.40578378  0.70566314
          -0.50000000 -0.28867513 -0.20038896  0.61113752
          -0.50000000  0.28867513 -0.40574270  0.70566314
          -0.49999999  0.28867514 -0.40574270  0.70566314

        5 -0.00005000  0.57737914 -0.81152648  0.99596280   4

          -0.00005000  0.00002887 -0.61113752  0.61113752
          -0.49999999  0.28867514 -0.40574270  0.70566314
           0.00000000  0.57735027 -0.20038896  0.61113752
           0.49994999  0.28870400 -0.40578378  0.70566314

        6 -0.00005000  0.57737914  0.81152648  0.99596280   4

          -0.00005000  0.00002887  0.61113752  0.61113752
           0.49994999  0.28870400  0.40578378  0.70566314
           0.00000000  0.57735027  0.20038896  0.61113752
          -0.49999999  0.28867514  0.40574270  0.70566314

        7  0.50000000  0.86602540  0.00000000  1.00000000   6

           0.49994999  0.28870400 -0.40578378  0.70566314
           0.00000000  0.57735027 -0.20038896  0.61113752
           0.00000000  0.57735027  0.20038896  0.61113752
           0.49994999  0.28870400  0.40578378  0.70566314
           0.50000000  0.28867513  0.40574270  0.70566314
           0.50000000  0.28867513 -0.40574270  0.70566314

        8 -0.50000000  0.86602540  0.00000000  1.00000000   6

          -0.49999999  0.28867514  0.40574270  0.70566314
           0.00000000  0.57735027  0.20038896  0.61113752
           0.00000000  0.57735027 -0.20038896  0.61113752
          -0.49999999  0.28867514 -0.40574270  0.70566314
          -0.50000000  0.28867513 -0.40574270  0.70566314
          -0.50000000  0.28867513  0.40574270  0.70566314

        9 -0.50000000 -0.86602540  0.00000000  1.00000000   6

          -0.50000000 -0.28867513  0.20038896  0.61113752
          -0.50000000 -0.28867513 -0.20038896  0.61113752
          -0.00005001 -0.57732140 -0.40578378  0.70566314
           0.00000000 -0.57735027 -0.40574270  0.70566314
           0.00000000 -0.57735027  0.40574270  0.70566314
          -0.00005001 -0.57732140  0.40578378  0.70566314

       10  0.50000000 -0.86602540  0.00000000  1.00000000   6

           0.50000000 -0.28867513 -0.20038896  0.61113752
           0.50000000 -0.28867513  0.20038896  0.61113752
           0.00000001 -0.57735026  0.40574270  0.70566314
           0.00000000 -0.57735027  0.40574270  0.70566314
           0.00000000 -0.57735027 -0.40574270  0.70566314
           0.00000001 -0.57735026 -0.40574270  0.70566314

       11  1.00000000  0.00000000  0.00000000  1.00000000   4

           0.50000000  0.28867513 -0.40574270  0.70566314
           0.50000000  0.28867513  0.40574270  0.70566314
           0.50000000 -0.28867513  0.20038896  0.61113752
           0.50000000 -0.28867513 -0.20038896  0.61113752

       12 -1.00000000  0.00000000  0.00000000  1.00000000   4

          -0.50000000  0.28867513  0.40574270  0.70566314
          -0.50000000  0.28867513 -0.40574270  0.70566314
          -0.50000000 -0.28867513 -0.20038896  0.61113752
          -0.50000000 -0.28867513  0.20038896  0.61113752

       13 -0.00005000 -1.15467166 -0.81152648  1.41132628   4

          -0.00005000 -0.57732139 -0.40578378  0.70566314
           0.00000000 -0.57735027 -0.40574270  0.70566314
           0.00000000 -0.57735027 -0.40574270  0.70566314
           0.00000000 -0.57735027 -0.40574270  0.70566314

       14 -0.00005000 -1.15467166  0.81152648  1.41132628   4

          -0.00005000 -0.57732139  0.40578378  0.70566314
           0.00000000 -0.57735027  0.40574270  0.70566314
           0.00000000 -0.57735027  0.40574270  0.70566314
           0.00000000 -0.57735027  0.40574270  0.70566314

           V(tetra) =  0.70280254  V(atom)  =  0.70280254

 Rsort:    Faces, edges, and vertexes as break points

 Rmesh:    NINT  =          12
           RINT( 1)=  0.49795630
           RINT( 2)=  0.49798140
           RINT( 3)=  0.49798140
           RINT( 4)=  0.50000000
           RINT( 5)=  0.50000000
           RINT( 6)=  0.57578989
           RINT( 7)=  0.57578989
           RINT( 8)=  0.57579951
           RINT( 9)=  0.57735027
           RINT(10)=  0.61113752
           RINT(11)=  0.70566314
           RINT(12)=  0.70566314
           NSRI( 1)=           3 DSRI( 1)=  0.00001255
           NSRI( 2)=           3 DSRI( 2)=  0.00000000
           NSRI( 3)=           5 DSRI( 3)=  0.00050465
           NSRI( 4)=           3 DSRI( 4)=  0.00000000
           NSRI( 5)=          49 DSRI( 5)=  0.00157896
           NSRI( 6)=           3 DSRI( 6)=  0.00000000
           NSRI( 7)=           3 DSRI( 7)=  0.00000481
           NSRI( 8)=           3 DSRI( 8)=  0.00077538
           NSRI( 9)=          23 DSRI( 9)=  0.00153578
           NSRI(10)=          61 DSRI(10)=  0.00157543
           NSRI(11)=           3 DSRI(11)=  0.00000000

 Setrot:   Number of non equivalent tetrahedra : 57

 Update:   Test convergence and store.

            l     d(l)      D(l)     %
 
            0  0.584246  0.584246  41.6
            1  0.000000  0.584246  41.6
            2  0.000116  0.584362  41.6
            3  0.016840  0.601203  39.9
            4  0.017107  0.618309  38.2
            5  0.066973  0.685282  31.5
            6  0.099483  0.784765  21.5
            7  0.020092  0.804857  19.5
            8  0.025282  0.830139  17.0
            9  0.006079  0.836218  16.4
           10  0.002505  0.838723  16.1
           11  0.008339  0.847062  15.3
           12  0.033605  0.880667  11.9
           13  0.005048  0.885716  11.4
           14  0.004917  0.890633  10.9
           15  0.002825  0.893458  10.7
           16  0.006070  0.899528  10.0
           17  0.005418  0.904946   9.5
           18  0.008195  0.913141   8.7
           19  0.003065  0.916206   8.4
           20  0.006726  0.922932   7.7
           21  0.001103  0.924035   7.6
           22  0.001632  0.925666   7.4
           23  0.001933  0.927600   7.2
           24  0.007050  0.934649   6.5
           25  0.001750  0.936399   6.4
           26  0.001842  0.938241   6.2
           27  0.001567  0.939808   6.0
           28  0.001974  0.941783   5.8
           29  0.001510  0.943293   5.7
           30  0.003169  0.946462   5.4

           Number of non-vanishing shape functions :  90

           Sigma(0,1)  =  3.544908
           Sigma(0,NSR)= -0.000000

                     Volume
           Inscribed     0.5172044997
           Integrated    0.1855981177
           Summed        0.7028026173
           Exact         0.7028025445

           Error :   0.000010 %

           Site number :   2

 Blatts:   Si  =  0.497956 WSA =  0.551546 Sc  =  0.705663

           NSC =   24 NVN =   14

        1 -0.49995000  0.28864626 -0.81152648  0.99591259   6

           0.00005000 -0.00002887 -0.61113752  0.61113752
          -0.49994999 -0.28870400 -0.40578378  0.70566314
          -0.50000000 -0.28867513 -0.40574270  0.70566314
          -0.50000000  0.28867513 -0.20038896  0.61113752
          -0.00000001  0.57735026 -0.40574270  0.70566314
           0.00005000  0.57732139 -0.40578378  0.70566314

        2 -0.49995000  0.28864626  0.81152648  0.99591259   6

           0.00005000 -0.00002887  0.61113752  0.61113752
           0.00005000  0.57732139  0.40578378  0.70566314
          -0.00000001  0.57735026  0.40574270  0.70566314
          -0.50000000  0.28867513  0.20038896  0.61113752
          -0.50000000 -0.28867513  0.40574270  0.70566314
          -0.49994999 -0.28870400  0.40578378  0.70566314

        3  0.50005000  0.28864626 -0.81152648  0.99596280   6

           0.00005000 -0.00002887 -0.61113752  0.61113752
           0.00005000  0.57732139 -0.40578378  0.70566314
           0.00005001  0.57732140 -0.40578378  0.70566314
           0.50000000  0.28867513 -0.20038896  0.61113752
           0.50000000 -0.28867513 -0.40574270  0.70566314
           0.49999999 -0.28867514 -0.40574270  0.70566314

        4  0.50005000  0.28864626  0.81152648  0.99596280   6

           0.00005000 -0.00002887  0.61113752  0.61113752
           0.49999999 -0.28867514  0.40574270  0.70566314
           0.50000000 -0.28867513  0.40574270  0.70566314
           0.50000000  0.28867513  0.20038896  0.61113752
           0.00005001  0.57732140  0.40578378  0.70566314
           0.00005000  0.57732139  0.40578378  0.70566314

        5  0.00005000 -0.57737914 -0.81152648  0.99596280   4

           0.00005000 -0.00002887 -0.61113752  0.61113752
           0.49999999 -0.28867514 -0.40574270  0.70566314
           0.00000000 -0.57735027 -0.20038896  0.61113752
          -0.49994999 -0.28870400 -0.40578378  0.70566314

        6  0.00005000 -0.57737914  0.81152648  0.99596280   4

           0.00005000 -0.00002887  0.61113752  0.61113752
          -0.49994999 -0.28870400  0.40578378  0.70566314
           0.00000000 -0.57735027  0.20038896  0.61113752
           0.49999999 -0.28867514  0.40574270  0.70566314

        7  0.50000000 -0.86602540  0.00000000  1.00000000   6

           0.49999999 -0.28867514 -0.40574270  0.70566314
           0.50000000 -0.28867513 -0.40574270  0.70566314
           0.50000000 -0.28867513  0.40574270  0.70566314
           0.49999999 -0.28867514  0.40574270  0.70566314
           0.00000000 -0.57735027  0.20038896  0.61113752
           0.00000000 -0.57735027 -0.20038896  0.61113752

        8 -0.50000000  0.86602540  0.00000000  1.00000000   6

          -0.50000000  0.28867513 -0.20038896  0.61113752
          -0.50000000  0.28867513  0.20038896  0.61113752
          -0.00000001  0.57735026  0.40574270  0.70566314
           0.00000000  0.57735027  0.40574270  0.70566314
           0.00000000  0.57735027 -0.40574270  0.70566314
          -0.00000001  0.57735026 -0.40574270  0.70566314

        9  0.50000000  0.86602540  0.00000000  1.00000000   6

           0.50000000  0.28867513 -0.20038896  0.61113752
           0.00005001  0.57732140 -0.40578378  0.70566314
           0.00000000  0.57735027 -0.40574270  0.70566314
           0.00000000  0.57735027  0.40574270  0.70566314
           0.00005001  0.57732140  0.40578378  0.70566314
           0.50000000  0.28867513  0.20038896  0.61113752

       10 -0.50000000 -0.86602540  0.00000000  1.00000000   6

          -0.49994999 -0.28870400 -0.40578378  0.70566314
           0.00000000 -0.57735027 -0.20038896  0.61113752
           0.00000000 -0.57735027  0.20038896  0.61113752
          -0.49994999 -0.28870400  0.40578378  0.70566314
          -0.50000000 -0.28867513  0.40574270  0.70566314
          -0.50000000 -0.28867513 -0.40574270  0.70566314

       11  1.00000000  0.00000000  0.00000000  1.00000000   4

           0.50000000 -0.28867513 -0.40574270  0.70566314
           0.50000000  0.28867513 -0.20038896  0.61113752
           0.50000000  0.28867513  0.20038896  0.61113752
           0.50000000 -0.28867513  0.40574270  0.70566314

       12 -1.00000000  0.00000000  0.00000000  1.00000000   4

          -0.50000000  0.28867513 -0.20038896  0.61113752
          -0.50000000 -0.28867513 -0.40574270  0.70566314
          -0.50000000 -0.28867513  0.40574270  0.70566314
          -0.50000000  0.28867513  0.20038896  0.61113752

       13  0.00005000  1.15467166 -0.81152648  1.41132628   4

           0.00005000  0.57732139 -0.40578378  0.70566314
           0.00000000  0.57735027 -0.40574270  0.70566314
           0.00000000  0.57735027 -0.40574270  0.70566314
           0.00000000  0.57735027 -0.40574270  0.70566314

       14  0.00005000  1.15467166  0.81152648  1.41132628   4

           0.00005000  0.57732139  0.40578378  0.70566314
           0.00000000  0.57735027  0.40574270  0.70566314
           0.00000000  0.57735027  0.40574270  0.70566314
           0.00000000  0.57735027  0.40574270  0.70566314

           V(tetra) =  0.70280254  V(atom)  =  0.70280254

 Rsort:    Faces, edges, and vertexes as break points

 Rmesh:    NINT  =          12
           RINT( 1)=  0.49795630
           RINT( 2)=  0.49798140
           RINT( 3)=  0.49798140
           RINT( 4)=  0.50000000
           RINT( 5)=  0.50000000
           RINT( 6)=  0.57578989
           RINT( 7)=  0.57578989
           RINT( 8)=  0.57579951
           RINT( 9)=  0.57735027
           RINT(10)=  0.61113752
           RINT(11)=  0.70566314
           RINT(12)=  0.70566314
           NSRI( 1)=           3 DSRI( 1)=  0.00001255
           NSRI( 2)=           3 DSRI( 2)=  0.00000000
           NSRI( 3)=           5 DSRI( 3)=  0.00050465
           NSRI( 4)=           3 DSRI( 4)=  0.00000000
           NSRI( 5)=          49 DSRI( 5)=  0.00157896
           NSRI( 6)=           3 DSRI( 6)=  0.00000000
           NSRI( 7)=           3 DSRI( 7)=  0.00000481
           NSRI( 8)=           3 DSRI( 8)=  0.00077538
           NSRI( 9)=          23 DSRI( 9)=  0.00153578
           NSRI(10)=          61 DSRI(10)=  0.00157543
           NSRI(11)=           3 DSRI(11)=  0.00000000

 Setrot:   Number of non equivalent tetrahedra : 57

 Update:   Test convergence and store.

            l     d(l)      D(l)     %
 
            0  0.584246  0.584246  41.6
            1  0.000000  0.584246  41.6
            2  0.000116  0.584362  41.6
            3  0.016840  0.601203  39.9
            4  0.017107  0.618309  38.2
            5  0.066973  0.685282  31.5
            6  0.099483  0.784765  21.5
            7  0.020092  0.804857  19.5
            8  0.025282  0.830139  17.0
            9  0.006079  0.836218  16.4
           10  0.002505  0.838723  16.1
           11  0.008339  0.847062  15.3
           12  0.033605  0.880667  11.9
           13  0.005048  0.885716  11.4
           14  0.004917  0.890633  10.9
           15  0.002825  0.893458  10.7
           16  0.006070  0.899528  10.0
           17  0.005418  0.904946   9.5
           18  0.008195  0.913141   8.7
           19  0.003065  0.916206   8.4
           20  0.006726  0.922932   7.7
           21  0.001103  0.924035   7.6
           22  0.001632  0.925666   7.4
           23  0.001933  0.927600   7.2
           24  0.007050  0.934649   6.5
           25  0.001750  0.936399   6.4
           26  0.001842  0.938241   6.2
           27  0.001567  0.939808   6.0
           28  0.001974  0.941783   5.8
           29  0.001510  0.943293   5.7
           30  0.003169  0.946462   5.4

           Number of non-vanishing shape functions :  90

           Sigma(0,1)  =  3.544908
           Sigma(0,NSR)= -0.000000

                     Volume
           Inscribed     0.5172044997
           Integrated    0.1855981177
           Summed        0.7028026173
           Exact         0.7028025445

           Error :   0.000010 %
