 Fhndlr:   Program: KSTR, Version: LV-HLS 23 Oct 2003                TM: 17:12
           Slope & Madelung matrices, Lat=  st, Job=fept_0.91  17:12/30-Dec-25  

           JOB   : fept_0.91, cmode = KSTR
           FOR001: ./fept_0.91.tfm
           FOR002: ./fept_0.91.tfh
           FOR003: ./fept_0.91.mdl
           FOR006: fept_0.91.prn
           FOR050: fept_0.91.log

 Input:    MODE  =  B STORE =  Y NPRN  =  1

           NL   =  3 NLH  =  9 NLW  =  9 NDER =  6

           DMAX    =  2.000000 DWATS  =  0.100000

           (K*W)^2 =  0.000000 ITRANS = 3

 Primv:    Special choice of primitive vectors, lattice=  st

           A     =  1.000000 B     =  1.000000 C     =  0.914093
           Alpha =    90.000 Beta  =    90.000 Gamma =    90.000

           Primitive vectors for   st lattice in
           units of the lattice spacing a:

           (   1.00000,   0.00000,   0.00000 )
           (   0.00000,   1.00000,   0.00000 )
           (   0.00000,   0.00000,   0.91409 )

           Basis vectors:            NQ3 =   4

           (   0.00000,   0.00000,   0.00000 )
           (   0.50000,  -0.50000,   0.00000 )
           (   0.00000,  -0.50000,  -0.45705 )
           (   0.50000,   0.00000,  -0.45705 )


 Primkr:   Wigner Seitz radius:  0.379269 VOL   =  0.914093


           Primitive vectors of reciprocal space
           in units of 2*pi/a

           (   1.00000,   0.00000,   0.00000  )
           (   0.00000,   1.00000,   0.00000  )
           (   0.00000,   0.00000,   1.09398  )

 Set3d:    Basis vectors in 3D cell are set.

 Latt3d:   Generate lattice vectors, NGHBP = 13
 
           Shells of neighbours around

           IQ =  1                      QP =  0.000  0.000  0.000


           IS IN  IR JQ     D          RPX       RPY       RPZ
 
            1  1   1  1  0.000000    0.000000  0.000000  0.000000
 
            2  1   2  4  0.677415   -0.500000  0.000000 -0.457047
            2  2   3  3  0.677415    0.000000 -0.500000  0.457047
            2  3   4  4  0.677415   -0.500000  0.000000  0.457047
            2  4   5  4  0.677415    0.500000  0.000000 -0.457047
            2  5   6  4  0.677415    0.500000  0.000000  0.457047
            2  6   7  3  0.677415    0.000000  0.500000 -0.457047
            2  7   8  3  0.677415    0.000000 -0.500000 -0.457047
            2  8   9  3  0.677415    0.000000  0.500000  0.457047
 
            3  1  10  2  0.707107    0.500000 -0.500000  0.000000
            3  2  11  2  0.707107    0.500000  0.500000  0.000000
            3  3  12  2  0.707107   -0.500000  0.500000  0.000000
            3  4  13  2  0.707107   -0.500000 -0.500000  0.000000
 
            4  1  14  1  0.914093    0.000000  0.000000  0.914093
            4  2  15  1  0.914093    0.000000  0.000000 -0.914093
 
            5  1  16  1  1.000000    1.000000  0.000000  0.000000
            5  2  17  1  1.000000    0.000000  1.000000  0.000000
            5  3  18  1  1.000000    0.000000 -1.000000  0.000000
            5  4  19  1  1.000000   -1.000000  0.000000  0.000000
 
            6  1  20  2  1.155667   -0.500000  0.500000  0.914093
            6  2  21  2  1.155667   -0.500000  0.500000 -0.914093
            6  3  22  2  1.155667    0.500000  0.500000  0.914093
            6  4  23  2  1.155667    0.500000 -0.500000  0.914093
            6  5  24  2  1.155667    0.500000 -0.500000 -0.914093
            6  6  25  2  1.155667   -0.500000 -0.500000 -0.914093
            6  7  26  2  1.155667   -0.500000 -0.500000  0.914093
            6  8  27  2  1.155667    0.500000  0.500000 -0.914093
 
            7  1  28  3  1.207846   -1.000000  0.500000  0.457047
            7  2  29  3  1.207846   -1.000000 -0.500000  0.457047
            7  3  30  4  1.207846    0.500000 -1.000000  0.457047
            7  4  31  4  1.207846   -0.500000  1.000000 -0.457047
            7  5  32  4  1.207846   -0.500000  1.000000  0.457047
            7  6  33  3  1.207846   -1.000000 -0.500000 -0.457047
            7  7  34  4  1.207846   -0.500000 -1.000000 -0.457047
            7  8  35  3  1.207846   -1.000000  0.500000 -0.457047
            7  9  36  4  1.207846    0.500000  1.000000 -0.457047
            7 10  37  4  1.207846    0.500000  1.000000  0.457047
            7 11  38  3  1.207846    1.000000  0.500000  0.457047
            7 12  39  3  1.207846    1.000000  0.500000 -0.457047
            7 13  40  3  1.207846    1.000000 -0.500000  0.457047
            7 14  41  3  1.207846    1.000000 -0.500000 -0.457047
            7 15  42  4  1.207846    0.500000 -1.000000 -0.457047
            7 16  43  4  1.207846   -0.500000 -1.000000  0.457047
 
            8  1  44  1  1.354831   -1.000000  0.000000 -0.914093
            8  2  45  1  1.354831    0.000000 -1.000000 -0.914093
            8  3  46  1  1.354831    0.000000  1.000000 -0.914093
            8  4  47  1  1.354831   -1.000000  0.000000  0.914093
            8  5  48  1  1.354831    1.000000  0.000000  0.914093
            8  6  49  1  1.354831    0.000000  1.000000  0.914093
            8  7  50  1  1.354831    0.000000 -1.000000  0.914093
            8  8  51  1  1.354831    1.000000  0.000000 -0.914093
 
            9  1  52  1  1.414214   -1.000000  1.000000  0.000000
            9  2  53  1  1.414214    1.000000  1.000000  0.000000
            9  3  54  1  1.414214   -1.000000 -1.000000  0.000000
            9  4  55  1  1.414214    1.000000 -1.000000  0.000000
 
           10  1  56  3  1.459460    0.000000  0.500000  1.371140
           10  2  57  4  1.459460    0.500000  0.000000 -1.371140
           10  3  58  3  1.459460    0.000000 -0.500000 -1.371140
           10  4  59  4  1.459460   -0.500000  0.000000 -1.371140
           10  5  60  4  1.459460    0.500000  0.000000  1.371140
           10  6  61  3  1.459460    0.000000  0.500000 -1.371140
           10  7  62  3  1.459460    0.000000 -0.500000  1.371140
           10  8  63  4  1.459460   -0.500000  0.000000  1.371140
 
           11  1  64  4  1.568085   -1.500000  0.000000 -0.457047
           11  2  65  3  1.568085    0.000000 -1.500000  0.457047
           11  3  66  3  1.568085    0.000000 -1.500000 -0.457047
           11  4  67  4  1.568085    1.500000  0.000000 -0.457047
           11  5  68  4  1.568085    1.500000  0.000000  0.457047
           11  6  69  4  1.568085   -1.500000  0.000000  0.457047
           11  7  70  3  1.568085    0.000000  1.500000  0.457047
           11  8  71  3  1.568085    0.000000  1.500000 -0.457047
 
           12  1  72  2  1.581139    0.500000 -1.500000  0.000000
           12  2  73  2  1.581139   -1.500000 -0.500000  0.000000
           12  3  74  2  1.581139   -1.500000  0.500000  0.000000
           12  4  75  2  1.581139   -0.500000  1.500000  0.000000
           12  5  76  2  1.581139   -0.500000 -1.500000  0.000000
           12  6  77  2  1.581139    0.500000  1.500000  0.000000
           12  7  78  2  1.581139    1.500000  0.500000  0.000000
           12  8  79  2  1.581139    1.500000 -0.500000  0.000000
 
           13  1  80  1  1.683914   -1.000000  1.000000  0.914093
           13  2  81  1  1.683914    1.000000 -1.000000  0.914093
           13  3  82  1  1.683914   -1.000000  1.000000 -0.914093
           13  4  83  1  1.683914    1.000000  1.000000 -0.914093
           13  5  84  1  1.683914   -1.000000 -1.000000  0.914093
           13  6  85  1  1.683914    1.000000 -1.000000 -0.914093
           13  7  86  1  1.683914    1.000000  1.000000  0.914093
           13  8  87  1  1.683914   -1.000000 -1.000000 -0.914093
 
           14  1  88  4  1.769188   -0.500000  1.000000 -1.371140
           14  2  89  4  1.769188    0.500000 -1.000000 -1.371140
           14  3  90  4  1.769188   -0.500000  1.000000  1.371140
           14  4  91  3  1.769188    1.000000 -0.500000  1.371140
           14  5  92  3  1.769188    1.000000  0.500000 -1.371140
           14  6  93  3  1.769188    1.000000 -0.500000 -1.371140
           14  7  94  3  1.769188    1.000000  0.500000  1.371140
           14  8  95  4  1.769188   -0.500000 -1.000000 -1.371140
           14  9  96  4  1.769188   -0.500000 -1.000000  1.371140
           14 10  97  4  1.769188    0.500000  1.000000  1.371140
           14 11  98  4  1.769188    0.500000 -1.000000  1.371140
           14 12  99  3  1.769188   -1.000000  0.500000  1.371140
           14 13 100  3  1.769188   -1.000000  0.500000 -1.371140
           14 14 101  3  1.769188   -1.000000 -0.500000  1.371140
           14 15 102  3  1.769188   -1.000000 -0.500000 -1.371140
           14 16 103  4  1.769188    0.500000  1.000000 -1.371140
 
           15  1 104  2  1.826353   -0.500000 -1.500000  0.914093
           15  2 105  2  1.826353   -0.500000 -1.500000 -0.914093
           15  3 106  2  1.826353    1.500000 -0.500000  0.914093
           15  4 107  2  1.826353    1.500000 -0.500000 -0.914093
           15  5 108  2  1.826353    0.500000  1.500000  0.914093
           15  6 109  2  1.826353    0.500000  1.500000 -0.914093
           15  7 110  2  1.826353    1.500000  0.500000  0.914093
           15  8 111  2  1.826353   -1.500000 -0.500000 -0.914093
           15  9 112  2  1.826353   -1.500000 -0.500000  0.914093
           15 10 113  2  1.826353    0.500000 -1.500000  0.914093
           15 11 114  2  1.826353    1.500000  0.500000 -0.914093
           15 12 115  2  1.826353    0.500000 -1.500000 -0.914093
           15 13 116  2  1.826353   -0.500000  1.500000  0.914093
           15 14 117  2  1.826353   -0.500000  1.500000 -0.914093
           15 15 118  2  1.826353   -1.500000  0.500000 -0.914093
           15 16 119  2  1.826353   -1.500000  0.500000  0.914093
 
           16  1 120  1  1.828187    0.000000  0.000000  1.828187
           16  2 121  1  1.828187    0.000000  0.000000 -1.828187
 
           17  1 122  4  1.859810    1.500000 -1.000000 -0.457047
           17  2 123  4  1.859810    1.500000  1.000000 -0.457047
           17  3 124  4  1.859810    1.500000 -1.000000  0.457047
           17  4 125  4  1.859810    1.500000  1.000000  0.457047
           17  5 126  4  1.859810   -1.500000  1.000000  0.457047
           17  6 127  4  1.859810   -1.500000  1.000000 -0.457047
           17  7 128  4  1.859810   -1.500000 -1.000000  0.457047
           17  8 129  4  1.859810   -1.500000 -1.000000 -0.457047
           17  9 130  3  1.859810    1.000000  1.500000  0.457047
           17 10 131  3  1.859810    1.000000  1.500000 -0.457047
           17 11 132  3  1.859810    1.000000 -1.500000  0.457047
           17 12 133  3  1.859810    1.000000 -1.500000 -0.457047
           17 13 134  3  1.859810   -1.000000  1.500000  0.457047
           17 14 135  3  1.859810   -1.000000  1.500000 -0.457047
           17 15 136  3  1.859810   -1.000000 -1.500000  0.457047
           17 16 137  3  1.859810   -1.000000 -1.500000 -0.457047
 
           18  1 138  2  1.960170    0.500000  0.500000  1.828187
           18  2 139  2  1.960170    0.500000  0.500000 -1.828187
           18  3 140  2  1.960170    0.500000 -0.500000  1.828187
           18  4 141  2  1.960170    0.500000 -0.500000 -1.828187
           18  5 142  2  1.960170   -0.500000  0.500000  1.828187
           18  6 143  2  1.960170   -0.500000  0.500000 -1.828187
           18  7 144  2  1.960170   -0.500000 -0.500000  1.828187
           18  8 145  2  1.960170   -0.500000 -0.500000 -1.828187
 
           19  1 146  1  2.000000    2.000000  0.000000  0.000000
           19  2 147  1  2.000000    0.000000  2.000000  0.000000
           19  3 148  1  2.000000    0.000000 -2.000000  0.000000
           19  4 149  1  2.000000   -2.000000  0.000000  0.000000

           r_max: 2.00 Number of vectors:  149. Number of shells:  19
 
           Shells of neighbours around

           IQ =  2                      QP =  0.500 -0.500  0.000


           IS IN  IR JQ     D          RPX       RPY       RPZ
 
            1  1 150  2  0.000000    0.000000  0.000000  0.000000
 
            2  1 151  4  0.677415    0.000000 -0.500000 -0.457047
            2  2 152  3  0.677415   -0.500000  0.000000  0.457047
            2  3 153  3  0.677415    0.500000  0.000000 -0.457047
            2  4 154  4  0.677415    0.000000 -0.500000  0.457047
            2  5 155  3  0.677415   -0.500000  0.000000 -0.457047
            2  6 156  3  0.677415    0.500000  0.000000  0.457047
            2  7 157  4  0.677415    0.000000  0.500000 -0.457047
            2  8 158  4  0.677415    0.000000  0.500000  0.457047
 
            3  1 159  1  0.707107   -0.500000  0.500000  0.000000
            3  2 160  1  0.707107    0.500000 -0.500000  0.000000
            3  3 161  1  0.707107   -0.500000 -0.500000  0.000000
            3  4 162  1  0.707107    0.500000  0.500000  0.000000
 
            4  1 163  2  0.914093    0.000000  0.000000 -0.914093
            4  2 164  2  0.914093    0.000000  0.000000  0.914093
 
            5  1 165  2  1.000000    1.000000  0.000000  0.000000
            5  2 166  2  1.000000    0.000000  1.000000  0.000000
            5  3 167  2  1.000000   -1.000000  0.000000  0.000000
            5  4 168  2  1.000000    0.000000 -1.000000  0.000000
 
            6  1 169  1  1.155667    0.500000 -0.500000  0.914093
            6  2 170  1  1.155667   -0.500000 -0.500000  0.914093
            6  3 171  1  1.155667   -0.500000  0.500000  0.914093
            6  4 172  1  1.155667   -0.500000  0.500000 -0.914093
            6  5 173  1  1.155667   -0.500000 -0.500000 -0.914093
            6  6 174  1  1.155667    0.500000  0.500000 -0.914093
            6  7 175  1  1.155667    0.500000  0.500000  0.914093
            6  8 176  1  1.155667    0.500000 -0.500000 -0.914093
 
            7  1 177  4  1.207846    1.000000  0.500000  0.457047
            7  2 178  4  1.207846   -1.000000 -0.500000 -0.457047
            7  3 179  3  1.207846   -0.500000  1.000000 -0.457047
            7  4 180  4  1.207846    1.000000 -0.500000 -0.457047
            7  5 181  3  1.207846    0.500000 -1.000000 -0.457047
            7  6 182  3  1.207846    0.500000  1.000000 -0.457047
            7  7 183  3  1.207846    0.500000  1.000000  0.457047
            7  8 184  3  1.207846   -0.500000 -1.000000 -0.457047
            7  9 185  3  1.207846   -0.500000 -1.000000  0.457047
            7 10 186  4  1.207846    1.000000  0.500000 -0.457047
            7 11 187  3  1.207846    0.500000 -1.000000  0.457047
            7 12 188  4  1.207846   -1.000000 -0.500000  0.457047
            7 13 189  4  1.207846    1.000000 -0.500000  0.457047
            7 14 190  3  1.207846   -0.500000  1.000000  0.457047
            7 15 191  4  1.207846   -1.000000  0.500000 -0.457047
            7 16 192  4  1.207846   -1.000000  0.500000  0.457047
 
            8  1 193  2  1.354831    0.000000  1.000000  0.914093
            8  2 194  2  1.354831   -1.000000  0.000000 -0.914093
            8  3 195  2  1.354831    1.000000  0.000000 -0.914093
            8  4 196  2  1.354831    0.000000 -1.000000  0.914093
            8  5 197  2  1.354831    0.000000  1.000000 -0.914093
            8  6 198  2  1.354831    0.000000 -1.000000 -0.914093
            8  7 199  2  1.354831    1.000000  0.000000  0.914093
            8  8 200  2  1.354831   -1.000000  0.000000  0.914093
 
            9  1 201  2  1.414214    1.000000 -1.000000  0.000000
            9  2 202  2  1.414214   -1.000000  1.000000  0.000000
            9  3 203  2  1.414214   -1.000000 -1.000000  0.000000
            9  4 204  2  1.414214    1.000000  1.000000  0.000000
 
           10  1 205  3  1.459460   -0.500000  0.000000  1.371140
           10  2 206  3  1.459460    0.500000  0.000000 -1.371140
           10  3 207  4  1.459460    0.000000  0.500000  1.371140
           10  4 208  3  1.459460    0.500000  0.000000  1.371140
           10  5 209  3  1.459460   -0.500000  0.000000 -1.371140
           10  6 210  4  1.459460    0.000000 -0.500000 -1.371140
           10  7 211  4  1.459460    0.000000 -0.500000  1.371140
           10  8 212  4  1.459460    0.000000  0.500000 -1.371140
 
           11  1 213  3  1.568085    1.500000  0.000000  0.457047
           11  2 214  4  1.568085    0.000000  1.500000  0.457047
           11  3 215  3  1.568085    1.500000  0.000000 -0.457047
           11  4 216  3  1.568085   -1.500000  0.000000  0.457047
           11  5 217  3  1.568085   -1.500000  0.000000 -0.457047
           11  6 218  4  1.568085    0.000000 -1.500000 -0.457047
           11  7 219  4  1.568085    0.000000 -1.500000  0.457047
           11  8 220  4  1.568085    0.000000  1.500000 -0.457047
 
           12  1 221  1  1.581139    1.500000  0.500000  0.000000
           12  2 222  1  1.581139   -0.500000  1.500000  0.000000
           12  3 223  1  1.581139    0.500000 -1.500000  0.000000
           12  4 224  1  1.581139    0.500000  1.500000  0.000000
           12  5 225  1  1.581139   -0.500000 -1.500000  0.000000
           12  6 226  1  1.581139   -1.500000  0.500000  0.000000
           12  7 227  1  1.581139    1.500000 -0.500000  0.000000
           12  8 228  1  1.581139   -1.500000 -0.500000  0.000000
 
           13  1 229  2  1.683914    1.000000 -1.000000 -0.914093
           13  2 230  2  1.683914    1.000000 -1.000000  0.914093
           13  3 231  2  1.683914    1.000000  1.000000 -0.914093
           13  4 232  2  1.683914   -1.000000 -1.000000 -0.914093
           13  5 233  2  1.683914   -1.000000 -1.000000  0.914093
           13  6 234  2  1.683914   -1.000000  1.000000 -0.914093
           13  7 235  2  1.683914   -1.000000  1.000000  0.914093
           13  8 236  2  1.683914    1.000000  1.000000  0.914093
 
           14  1 237  4  1.769188   -1.000000  0.500000 -1.371140
           14  2 238  4  1.769188   -1.000000 -0.500000  1.371140
           14  3 239  3  1.769188   -0.500000 -1.000000 -1.371140
           14  4 240  4  1.769188   -1.000000 -0.500000 -1.371140
           14  5 241  3  1.769188   -0.500000  1.000000 -1.371140
           14  6 242  4  1.769188    1.000000 -0.500000 -1.371140
           14  7 243  4  1.769188    1.000000 -0.500000  1.371140
           14  8 244  3  1.769188   -0.500000  1.000000  1.371140
           14  9 245  3  1.769188    0.500000 -1.000000 -1.371140
           14 10 246  4  1.769188    1.000000  0.500000 -1.371140
           14 11 247  3  1.769188   -0.500000 -1.000000  1.371140
           14 12 248  3  1.769188    0.500000 -1.000000  1.371140
           14 13 249  3  1.769188    0.500000  1.000000  1.371140
           14 14 250  4  1.769188    1.000000  0.500000  1.371140
           14 15 251  3  1.769188    0.500000  1.000000 -1.371140
           14 16 252  4  1.769188   -1.000000  0.500000  1.371140
 
           15  1 253  1  1.826353   -1.500000 -0.500000  0.914093
           15  2 254  1  1.826353   -1.500000 -0.500000 -0.914093
           15  3 255  1  1.826353   -1.500000  0.500000 -0.914093
           15  4 256  1  1.826353    1.500000 -0.500000  0.914093
           15  5 257  1  1.826353    0.500000  1.500000  0.914093
           15  6 258  1  1.826353    1.500000  0.500000 -0.914093
           15  7 259  1  1.826353   -1.500000  0.500000  0.914093
           15  8 260  1  1.826353   -0.500000 -1.500000 -0.914093
           15  9 261  1  1.826353   -0.500000 -1.500000  0.914093
           15 10 262  1  1.826353    0.500000 -1.500000 -0.914093
           15 11 263  1  1.826353   -0.500000  1.500000  0.914093
           15 12 264  1  1.826353   -0.500000  1.500000 -0.914093
           15 13 265  1  1.826353    1.500000 -0.500000 -0.914093
           15 14 266  1  1.826353    1.500000  0.500000  0.914093
           15 15 267  1  1.826353    0.500000  1.500000 -0.914093
           15 16 268  1  1.826353    0.500000 -1.500000  0.914093
 
           16  1 269  2  1.828187    0.000000  0.000000 -1.828187
           16  2 270  2  1.828187    0.000000  0.000000  1.828187
 
           17  1 271  3  1.859810    1.500000  1.000000  0.457047
           17  2 272  3  1.859810    1.500000 -1.000000  0.457047
           17  3 273  3  1.859810    1.500000 -1.000000 -0.457047
           17  4 274  4  1.859810   -1.000000 -1.500000 -0.457047
           17  5 275  3  1.859810   -1.500000  1.000000 -0.457047
           17  6 276  4  1.859810   -1.000000  1.500000  0.457047
           17  7 277  4  1.859810   -1.000000  1.500000 -0.457047
           17  8 278  4  1.859810    1.000000  1.500000 -0.457047
           17  9 279  3  1.859810   -1.500000  1.000000  0.457047
           17 10 280  3  1.859810   -1.500000 -1.000000  0.457047
           17 11 281  3  1.859810   -1.500000 -1.000000 -0.457047
           17 12 282  3  1.859810    1.500000  1.000000 -0.457047
           17 13 283  4  1.859810    1.000000 -1.500000  0.457047
           17 14 284  4  1.859810    1.000000 -1.500000 -0.457047
           17 15 285  4  1.859810   -1.000000 -1.500000  0.457047
           17 16 286  4  1.859810    1.000000  1.500000  0.457047
 
           18  1 287  1  1.960170    0.500000  0.500000  1.828187
           18  2 288  1  1.960170    0.500000 -0.500000  1.828187
           18  3 289  1  1.960170   -0.500000  0.500000  1.828187
           18  4 290  1  1.960170   -0.500000  0.500000 -1.828187
           18  5 291  1  1.960170   -0.500000 -0.500000  1.828187
           18  6 292  1  1.960170   -0.500000 -0.500000 -1.828187
           18  7 293  1  1.960170    0.500000 -0.500000 -1.828187
           18  8 294  1  1.960170    0.500000  0.500000 -1.828187
 
           19  1 295  2  2.000000    0.000000 -2.000000  0.000000
           19  2 296  2  2.000000    0.000000  2.000000  0.000000
           19  3 297  2  2.000000   -2.000000  0.000000  0.000000
           19  4 298  2  2.000000    2.000000  0.000000  0.000000

           r_max: 2.00 Number of vectors:  298. Number of shells:  19
 
           Shells of neighbours around

           IQ =  3                      QP =  0.000 -0.500 -0.457


           IS IN  IR JQ     D          RPX       RPY       RPZ
 
            1  1 299  3  0.000000    0.000000  0.000000  0.000000
 
            2  1 300  1  0.677415    0.000000 -0.500000 -0.457047
            2  2 301  1  0.677415    0.000000  0.500000  0.457047
            2  3 302  1  0.677415    0.000000  0.500000 -0.457047
            2  4 303  1  0.677415    0.000000 -0.500000  0.457047
            2  5 304  2  0.677415    0.500000  0.000000 -0.457047
            2  6 305  2  0.677415    0.500000  0.000000  0.457047
            2  7 306  2  0.677415   -0.500000  0.000000  0.457047
            2  8 307  2  0.677415   -0.500000  0.000000 -0.457047
 
            3  1 308  4  0.707107    0.500000 -0.500000  0.000000
            3  2 309  4  0.707107    0.500000  0.500000  0.000000
            3  3 310  4  0.707107   -0.500000  0.500000  0.000000
            3  4 311  4  0.707107   -0.500000 -0.500000  0.000000
 
            4  1 312  3  0.914093    0.000000  0.000000 -0.914093
            4  2 313  3  0.914093    0.000000  0.000000  0.914093
 
            5  1 314  3  1.000000    1.000000  0.000000  0.000000
            5  2 315  3  1.000000    0.000000 -1.000000  0.000000
            5  3 316  3  1.000000    0.000000  1.000000  0.000000
            5  4 317  3  1.000000   -1.000000  0.000000  0.000000
 
            6  1 318  4  1.155667   -0.500000 -0.500000  0.914093
            6  2 319  4  1.155667    0.500000 -0.500000 -0.914093
            6  3 320  4  1.155667    0.500000  0.500000  0.914093
            6  4 321  4  1.155667    0.500000  0.500000 -0.914093
            6  5 322  4  1.155667   -0.500000 -0.500000 -0.914093
            6  6 323  4  1.155667    0.500000 -0.500000  0.914093
            6  7 324  4  1.155667   -0.500000  0.500000  0.914093
            6  8 325  4  1.155667   -0.500000  0.500000 -0.914093
 
            7  1 326  1  1.207846    1.000000 -0.500000 -0.457047
            7  2 327  1  1.207846    1.000000 -0.500000  0.457047
            7  3 328  1  1.207846   -1.000000 -0.500000  0.457047
            7  4 329  2  1.207846    0.500000 -1.000000 -0.457047
            7  5 330  1  1.207846    1.000000  0.500000 -0.457047
            7  6 331  1  1.207846    1.000000  0.500000  0.457047
            7  7 332  1  1.207846   -1.000000 -0.500000 -0.457047
            7  8 333  2  1.207846    0.500000  1.000000 -0.457047
            7  9 334  2  1.207846    0.500000  1.000000  0.457047
            7 10 335  1  1.207846   -1.000000  0.500000 -0.457047
            7 11 336  2  1.207846   -0.500000 -1.000000 -0.457047
            7 12 337  2  1.207846    0.500000 -1.000000  0.457047
            7 13 338  1  1.207846   -1.000000  0.500000  0.457047
            7 14 339  2  1.207846   -0.500000  1.000000 -0.457047
            7 15 340  2  1.207846   -0.500000 -1.000000  0.457047
            7 16 341  2  1.207846   -0.500000  1.000000  0.457047
 
            8  1 342  3  1.354831    0.000000 -1.000000  0.914093
            8  2 343  3  1.354831    0.000000 -1.000000 -0.914093
            8  3 344  3  1.354831   -1.000000  0.000000  0.914093
            8  4 345  3  1.354831    1.000000  0.000000  0.914093
            8  5 346  3  1.354831   -1.000000  0.000000 -0.914093
            8  6 347  3  1.354831    0.000000  1.000000 -0.914093
            8  7 348  3  1.354831    0.000000  1.000000  0.914093
            8  8 349  3  1.354831    1.000000  0.000000 -0.914093
 
            9  1 350  3  1.414214    1.000000  1.000000  0.000000
            9  2 351  3  1.414214   -1.000000 -1.000000  0.000000
            9  3 352  3  1.414214    1.000000 -1.000000  0.000000
            9  4 353  3  1.414214   -1.000000  1.000000  0.000000
 
           10  1 354  2  1.459460    0.500000  0.000000  1.371140
           10  2 355  2  1.459460   -0.500000  0.000000 -1.371140
           10  3 356  1  1.459460    0.000000  0.500000  1.371140
           10  4 357  2  1.459460    0.500000  0.000000 -1.371140
           10  5 358  1  1.459460    0.000000 -0.500000 -1.371140
           10  6 359  2  1.459460   -0.500000  0.000000  1.371140
           10  7 360  1  1.459460    0.000000  0.500000 -1.371140
           10  8 361  1  1.459460    0.000000 -0.500000  1.371140
 
           11  1 362  1  1.568085    0.000000  1.500000 -0.457047
           11  2 363  2  1.568085   -1.500000  0.000000  0.457047
           11  3 364  1  1.568085    0.000000 -1.500000 -0.457047
           11  4 365  1  1.568085    0.000000 -1.500000  0.457047
           11  5 366  2  1.568085   -1.500000  0.000000 -0.457047
           11  6 367  2  1.568085    1.500000  0.000000 -0.457047
           11  7 368  2  1.568085    1.500000  0.000000  0.457047
           11  8 369  1  1.568085    0.000000  1.500000  0.457047
 
           12  1 370  4  1.581139   -1.500000 -0.500000  0.000000
           12  2 371  4  1.581139   -0.500000  1.500000  0.000000
           12  3 372  4  1.581139   -1.500000  0.500000  0.000000
           12  4 373  4  1.581139   -0.500000 -1.500000  0.000000
           12  5 374  4  1.581139    0.500000  1.500000  0.000000
           12  6 375  4  1.581139    0.500000 -1.500000  0.000000
           12  7 376  4  1.581139    1.500000  0.500000  0.000000
           12  8 377  4  1.581139    1.500000 -0.500000  0.000000
 
           13  1 378  3  1.683914    1.000000  1.000000  0.914093
           13  2 379  3  1.683914    1.000000  1.000000 -0.914093
           13  3 380  3  1.683914   -1.000000  1.000000  0.914093
           13  4 381  3  1.683914    1.000000 -1.000000 -0.914093
           13  5 382  3  1.683914   -1.000000 -1.000000  0.914093
           13  6 383  3  1.683914   -1.000000 -1.000000 -0.914093
           13  7 384  3  1.683914    1.000000 -1.000000  0.914093
           13  8 385  3  1.683914   -1.000000  1.000000 -0.914093
 
           14  1 386  2  1.769188   -0.500000  1.000000 -1.371140
           14  2 387  1  1.769188   -1.000000 -0.500000 -1.371140
           14  3 388  2  1.769188   -0.500000 -1.000000 -1.371140
           14  4 389  2  1.769188    0.500000  1.000000  1.371140
           14  5 390  2  1.769188   -0.500000 -1.000000  1.371140
           14  6 391  2  1.769188    0.500000  1.000000 -1.371140
           14  7 392  1  1.769188    1.000000  0.500000  1.371140
           14  8 393  1  1.769188    1.000000 -0.500000  1.371140
           14  9 394  2  1.769188   -0.500000  1.000000  1.371140
           14 10 395  1  1.769188    1.000000  0.500000 -1.371140
           14 11 396  2  1.769188    0.500000 -1.000000 -1.371140
           14 12 397  1  1.769188   -1.000000  0.500000  1.371140
           14 13 398  1  1.769188    1.000000 -0.500000 -1.371140
           14 14 399  1  1.769188   -1.000000  0.500000 -1.371140
           14 15 400  1  1.769188   -1.000000 -0.500000  1.371140
           14 16 401  2  1.769188    0.500000 -1.000000  1.371140
 
           15  1 402  4  1.826353    1.500000 -0.500000 -0.914093
           15  2 403  4  1.826353   -0.500000  1.500000 -0.914093
           15  3 404  4  1.826353    1.500000  0.500000 -0.914093
           15  4 405  4  1.826353    1.500000 -0.500000  0.914093
           15  5 406  4  1.826353    0.500000  1.500000 -0.914093
           15  6 407  4  1.826353    0.500000  1.500000  0.914093
           15  7 408  4  1.826353   -0.500000  1.500000  0.914093
           15  8 409  4  1.826353    0.500000 -1.500000  0.914093
           15  9 410  4  1.826353    0.500000 -1.500000 -0.914093
           15 10 411  4  1.826353    1.500000  0.500000  0.914093
           15 11 412  4  1.826353   -0.500000 -1.500000  0.914093
           15 12 413  4  1.826353   -1.500000 -0.500000  0.914093
           15 13 414  4  1.826353   -0.500000 -1.500000 -0.914093
           15 14 415  4  1.826353   -1.500000  0.500000  0.914093
           15 15 416  4  1.826353   -1.500000  0.500000 -0.914093
           15 16 417  4  1.826353   -1.500000 -0.500000 -0.914093
 
           16  1 418  3  1.828187    0.000000  0.000000  1.828187
           16  2 419  3  1.828187    0.000000  0.000000 -1.828187
 
           17  1 420  1  1.859810   -1.000000 -1.500000  0.457047
           17  2 421  1  1.859810   -1.000000  1.500000  0.457047
           17  3 422  1  1.859810    1.000000 -1.500000 -0.457047
           17  4 423  1  1.859810   -1.000000  1.500000 -0.457047
           17  5 424  1  1.859810   -1.000000 -1.500000 -0.457047
           17  6 425  1  1.859810    1.000000 -1.500000  0.457047
           17  7 426  1  1.859810    1.000000  1.500000 -0.457047
           17  8 427  1  1.859810    1.000000  1.500000  0.457047
           17  9 428  2  1.859810    1.500000  1.000000  0.457047
           17 10 429  2  1.859810   -1.500000 -1.000000  0.457047
           17 11 430  2  1.859810    1.500000  1.000000 -0.457047
           17 12 431  2  1.859810    1.500000 -1.000000  0.457047
           17 13 432  2  1.859810    1.500000 -1.000000 -0.457047
           17 14 433  2  1.859810   -1.500000 -1.000000 -0.457047
           17 15 434  2  1.859810   -1.500000  1.000000 -0.457047
           17 16 435  2  1.859810   -1.500000  1.000000  0.457047
 
           18  1 436  4  1.960170    0.500000  0.500000 -1.828187
           18  2 437  4  1.960170    0.500000 -0.500000 -1.828187
           18  3 438  4  1.960170    0.500000  0.500000  1.828187
           18  4 439  4  1.960170    0.500000 -0.500000  1.828187
           18  5 440  4  1.960170   -0.500000 -0.500000 -1.828187
           18  6 441  4  1.960170   -0.500000  0.500000 -1.828187
           18  7 442  4  1.960170   -0.500000 -0.500000  1.828187
           18  8 443  4  1.960170   -0.500000  0.500000  1.828187
 
           19  1 444  3  2.000000    0.000000 -2.000000  0.000000
           19  2 445  3  2.000000    2.000000  0.000000  0.000000
           19  3 446  3  2.000000    0.000000  2.000000  0.000000
           19  4 447  3  2.000000   -2.000000  0.000000  0.000000

           r_max: 2.00 Number of vectors:  447. Number of shells:  19
 
           Shells of neighbours around

           IQ =  4                      QP =  0.500  0.000 -0.457


           IS IN  IR JQ     D          RPX       RPY       RPZ
 
            1  1 448  4  0.000000    0.000000  0.000000  0.000000
 
            2  1 449  2  0.677415    0.000000 -0.500000  0.457047
            2  2 450  2  0.677415    0.000000  0.500000 -0.457047
            2  3 451  2  0.677415    0.000000  0.500000  0.457047
            2  4 452  2  0.677415    0.000000 -0.500000 -0.457047
            2  5 453  1  0.677415   -0.500000  0.000000 -0.457047
            2  6 454  1  0.677415    0.500000  0.000000  0.457047
            2  7 455  1  0.677415    0.500000  0.000000 -0.457047
            2  8 456  1  0.677415   -0.500000  0.000000  0.457047
 
            3  1 457  3  0.707107   -0.500000  0.500000  0.000000
            3  2 458  3  0.707107   -0.500000 -0.500000  0.000000
            3  3 459  3  0.707107    0.500000  0.500000  0.000000
            3  4 460  3  0.707107    0.500000 -0.500000  0.000000
 
            4  1 461  4  0.914093    0.000000  0.000000  0.914093
            4  2 462  4  0.914093    0.000000  0.000000 -0.914093
 
            5  1 463  4  1.000000    1.000000  0.000000  0.000000
            5  2 464  4  1.000000    0.000000 -1.000000  0.000000
            5  3 465  4  1.000000   -1.000000  0.000000  0.000000
            5  4 466  4  1.000000    0.000000  1.000000  0.000000
 
            6  1 467  3  1.155667    0.500000 -0.500000 -0.914093
            6  2 468  3  1.155667    0.500000  0.500000 -0.914093
            6  3 469  3  1.155667   -0.500000 -0.500000 -0.914093
            6  4 470  3  1.155667   -0.500000 -0.500000  0.914093
            6  5 471  3  1.155667   -0.500000  0.500000 -0.914093
            6  6 472  3  1.155667    0.500000  0.500000  0.914093
            6  7 473  3  1.155667    0.500000 -0.500000  0.914093
            6  8 474  3  1.155667   -0.500000  0.500000  0.914093
 
            7  1 475  1  1.207846    0.500000  1.000000 -0.457047
            7  2 476  1  1.207846    0.500000  1.000000  0.457047
            7  3 477  1  1.207846   -0.500000  1.000000  0.457047
            7  4 478  1  1.207846    0.500000 -1.000000  0.457047
            7  5 479  1  1.207846   -0.500000  1.000000 -0.457047
            7  6 480  2  1.207846   -1.000000  0.500000 -0.457047
            7  7 481  2  1.207846    1.000000  0.500000  0.457047
            7  8 482  2  1.207846    1.000000  0.500000 -0.457047
            7  9 483  2  1.207846    1.000000 -0.500000  0.457047
            7 10 484  2  1.207846    1.000000 -0.500000 -0.457047
            7 11 485  1  1.207846   -0.500000 -1.000000 -0.457047
            7 12 486  1  1.207846   -0.500000 -1.000000  0.457047
            7 13 487  2  1.207846   -1.000000 -0.500000 -0.457047
            7 14 488  2  1.207846   -1.000000 -0.500000  0.457047
            7 15 489  1  1.207846    0.500000 -1.000000 -0.457047
            7 16 490  2  1.207846   -1.000000  0.500000  0.457047
 
            8  1 491  4  1.354831    0.000000 -1.000000  0.914093
            8  2 492  4  1.354831    0.000000  1.000000 -0.914093
            8  3 493  4  1.354831    0.000000 -1.000000 -0.914093
            8  4 494  4  1.354831   -1.000000  0.000000  0.914093
            8  5 495  4  1.354831    0.000000  1.000000  0.914093
            8  6 496  4  1.354831   -1.000000  0.000000 -0.914093
            8  7 497  4  1.354831    1.000000  0.000000  0.914093
            8  8 498  4  1.354831    1.000000  0.000000 -0.914093
 
            9  1 499  4  1.414214   -1.000000 -1.000000  0.000000
            9  2 500  4  1.414214    1.000000  1.000000  0.000000
            9  3 501  4  1.414214    1.000000 -1.000000  0.000000
            9  4 502  4  1.414214   -1.000000  1.000000  0.000000
 
           10  1 503  2  1.459460    0.000000  0.500000 -1.371140
           10  2 504  1  1.459460   -0.500000  0.000000 -1.371140
           10  3 505  2  1.459460    0.000000  0.500000  1.371140
           10  4 506  1  1.459460   -0.500000  0.000000  1.371140
           10  5 507  1  1.459460    0.500000  0.000000 -1.371140
           10  6 508  1  1.459460    0.500000  0.000000  1.371140
           10  7 509  2  1.459460    0.000000 -0.500000 -1.371140
           10  8 510  2  1.459460    0.000000 -0.500000  1.371140
 
           11  1 511  1  1.568085    1.500000  0.000000 -0.457047
           11  2 512  1  1.568085    1.500000  0.000000  0.457047
           11  3 513  1  1.568085   -1.500000  0.000000  0.457047
           11  4 514  2  1.568085    0.000000 -1.500000 -0.457047
           11  5 515  1  1.568085   -1.500000  0.000000 -0.457047
           11  6 516  2  1.568085    0.000000  1.500000 -0.457047
           11  7 517  2  1.568085    0.000000  1.500000  0.457047
           11  8 518  2  1.568085    0.000000 -1.500000  0.457047
 
           12  1 519  3  1.581139    0.500000 -1.500000  0.000000
           12  2 520  3  1.581139   -0.500000 -1.500000  0.000000
           12  3 521  3  1.581139   -1.500000 -0.500000  0.000000
           12  4 522  3  1.581139    1.500000  0.500000  0.000000
           12  5 523  3  1.581139    1.500000 -0.500000  0.000000
           12  6 524  3  1.581139   -1.500000  0.500000  0.000000
           12  7 525  3  1.581139    0.500000  1.500000  0.000000
           12  8 526  3  1.581139   -0.500000  1.500000  0.000000
 
           13  1 527  4  1.683914    1.000000  1.000000  0.914093
           13  2 528  4  1.683914   -1.000000 -1.000000 -0.914093
           13  3 529  4  1.683914   -1.000000  1.000000  0.914093
           13  4 530  4  1.683914   -1.000000 -1.000000  0.914093
           13  5 531  4  1.683914    1.000000 -1.000000 -0.914093
           13  6 532  4  1.683914   -1.000000  1.000000 -0.914093
           13  7 533  4  1.683914    1.000000 -1.000000  0.914093
           13  8 534  4  1.683914    1.000000  1.000000 -0.914093
 
           14  1 535  2  1.769188   -1.000000 -0.500000  1.371140
           14  2 536  1  1.769188   -0.500000  1.000000  1.371140
           14  3 537  1  1.769188   -0.500000  1.000000 -1.371140
           14  4 538  1  1.769188    0.500000  1.000000  1.371140
           14  5 539  2  1.769188   -1.000000 -0.500000 -1.371140
           14  6 540  1  1.769188    0.500000  1.000000 -1.371140
           14  7 541  2  1.769188    1.000000 -0.500000  1.371140
           14  8 542  2  1.769188    1.000000  0.500000 -1.371140
           14  9 543  2  1.769188   -1.000000  0.500000  1.371140
           14 10 544  2  1.769188    1.000000  0.500000  1.371140
           14 11 545  2  1.769188    1.000000 -0.500000 -1.371140
           14 12 546  1  1.769188   -0.500000 -1.000000  1.371140
           14 13 547  1  1.769188   -0.500000 -1.000000 -1.371140
           14 14 548  1  1.769188    0.500000 -1.000000 -1.371140
           14 15 549  1  1.769188    0.500000 -1.000000  1.371140
           14 16 550  2  1.769188   -1.000000  0.500000 -1.371140
 
           15  1 551  3  1.826353   -1.500000 -0.500000 -0.914093
           15  2 552  3  1.826353   -0.500000  1.500000  0.914093
           15  3 553  3  1.826353   -0.500000 -1.500000  0.914093
           15  4 554  3  1.826353   -0.500000 -1.500000 -0.914093
           15  5 555  3  1.826353    0.500000  1.500000 -0.914093
           15  6 556  3  1.826353   -1.500000  0.500000  0.914093
           15  7 557  3  1.826353    0.500000  1.500000  0.914093
           15  8 558  3  1.826353    1.500000 -0.500000 -0.914093
           15  9 559  3  1.826353   -1.500000  0.500000 -0.914093
           15 10 560  3  1.826353    1.500000 -0.500000  0.914093
           15 11 561  3  1.826353    1.500000  0.500000 -0.914093
           15 12 562  3  1.826353   -1.500000 -0.500000  0.914093
           15 13 563  3  1.826353    1.500000  0.500000  0.914093
           15 14 564  3  1.826353    0.500000 -1.500000 -0.914093
           15 15 565  3  1.826353    0.500000 -1.500000  0.914093
           15 16 566  3  1.826353   -0.500000  1.500000 -0.914093
 
           16  1 567  4  1.828187    0.000000  0.000000  1.828187
           16  2 568  4  1.828187    0.000000  0.000000 -1.828187
 
           17  1 569  1  1.859810   -1.500000 -1.000000 -0.457047
           17  2 570  1  1.859810   -1.500000 -1.000000  0.457047
           17  3 571  2  1.859810   -1.000000 -1.500000  0.457047
           17  4 572  2  1.859810   -1.000000  1.500000  0.457047
           17  5 573  1  1.859810   -1.500000  1.000000 -0.457047
           17  6 574  1  1.859810   -1.500000  1.000000  0.457047
           17  7 575  1  1.859810    1.500000 -1.000000 -0.457047
           17  8 576  1  1.859810    1.500000 -1.000000  0.457047
           17  9 577  1  1.859810    1.500000  1.000000 -0.457047
           17 10 578  1  1.859810    1.500000  1.000000  0.457047
           17 11 579  2  1.859810   -1.000000 -1.500000 -0.457047
           17 12 580  2  1.859810    1.000000  1.500000  0.457047
           17 13 581  2  1.859810    1.000000  1.500000 -0.457047
           17 14 582  2  1.859810    1.000000 -1.500000  0.457047
           17 15 583  2  1.859810    1.000000 -1.500000 -0.457047
           17 16 584  2  1.859810   -1.000000  1.500000 -0.457047
 
           18  1 585  3  1.960170    0.500000  0.500000 -1.828187
           18  2 586  3  1.960170    0.500000  0.500000  1.828187
           18  3 587  3  1.960170    0.500000 -0.500000  1.828187
           18  4 588  3  1.960170   -0.500000 -0.500000 -1.828187
           18  5 589  3  1.960170   -0.500000 -0.500000  1.828187
           18  6 590  3  1.960170   -0.500000  0.500000 -1.828187
           18  7 591  3  1.960170   -0.500000  0.500000  1.828187
           18  8 592  3  1.960170    0.500000 -0.500000 -1.828187
 
           19  1 593  4  2.000000    0.000000 -2.000000  0.000000
           19  2 594  4  2.000000    0.000000  2.000000  0.000000
           19  3 595  4  2.000000   -2.000000  0.000000  0.000000
           19  4 596  4  2.000000    2.000000  0.000000  0.000000

           r_max: 2.00 Number of vectors:  596. Number of shells:  19

 Blatts:   IQ  =  1 NSC = 24 NVN = 14 V(t)= 0.228523 V(a)= 0.228523

           Si = 0.338708 Sc = 0.460729 WST= 0.379269 WST/WS= 1.000000

 Blatts:   IQ  =  2 NSC = 24 NVN = 14 V(t)= 0.228523 V(a)= 0.228523

           Si = 0.338708 Sc = 0.460729 WST= 0.379269 WST/WS= 1.000000

 Blatts:   IQ  =  3 NSC = 24 NVN = 14 V(t)= 0.228523 V(a)= 0.228523

           Si = 0.338708 Sc = 0.460729 WST= 0.379269 WST/WS= 1.000000

 Blatts:   IQ  =  4 NSC = 24 NVN = 14 V(t)= 0.228523 V(a)= 0.228523

           Si = 0.338708 Sc = 0.460729 WST= 0.379269 WST/WS= 1.000000

 Madl3:*** Calculate and store 3D Madelung matrices, lmax=  6

 Latt3m:   R1    =    0.7078 RA    =    2.5078 G1    =    0.0000
           GA    =   22.5000 Lamda =    2.5000


           Real space vectors:

           NO     SX        SY        SZ        D

            1  0.000000  0.000000  0.000000  0.000000

               Shell number    1 with    1 vectors

            2  0.000000  0.000000 -0.914093  0.914093
            3  0.000000  0.000000  0.914093  0.914093

               Shell number    2 with    2 vectors

            4 -1.000000  0.000000  0.000000  1.000000
            5  0.000000 -1.000000  0.000000  1.000000
            6  0.000000  1.000000  0.000000  1.000000
            7  1.000000  0.000000  0.000000  1.000000

               Shell number    3 with    4 vectors

            8 -1.000000  0.000000 -0.914093  1.354831
            9 -1.000000  0.000000  0.914093  1.354831
           10  0.000000 -1.000000 -0.914093  1.354831
           11  0.000000 -1.000000  0.914093  1.354831
           12  0.000000  1.000000 -0.914093  1.354831
           13  0.000000  1.000000  0.914093  1.354831
           14  1.000000  0.000000 -0.914093  1.354831
           15  1.000000  0.000000  0.914093  1.354831

               Shell number    4 with    8 vectors

           16 -1.000000 -1.000000  0.000000  1.414214
           17 -1.000000  1.000000  0.000000  1.414214
           18  1.000000 -1.000000  0.000000  1.414214
           19  1.000000  1.000000  0.000000  1.414214

               Shell number    5 with    4 vectors

           20 -1.000000 -1.000000 -0.914093  1.683914
           21 -1.000000 -1.000000  0.914093  1.683914
           22 -1.000000  1.000000 -0.914093  1.683914
           23 -1.000000  1.000000  0.914093  1.683914
           24  1.000000 -1.000000 -0.914093  1.683914
           25  1.000000 -1.000000  0.914093  1.683914
           26  1.000000  1.000000 -0.914093  1.683914
           27  1.000000  1.000000  0.914093  1.683914

               Shell number    6 with    8 vectors

           28  0.000000  0.000000 -1.828187  1.828187
           29  0.000000  0.000000  1.828187  1.828187

               Shell number    7 with    2 vectors

           30 -2.000000  0.000000  0.000000  2.000000
           31  0.000000 -2.000000  0.000000  2.000000
           32  0.000000  2.000000  0.000000  2.000000
           33  2.000000  0.000000  0.000000  2.000000

               Shell number    8 with    4 vectors

           34 -1.000000  0.000000 -1.828187  2.083810
           35 -1.000000  0.000000  1.828187  2.083810
           36  0.000000 -1.000000 -1.828187  2.083810
           37  0.000000 -1.000000  1.828187  2.083810
           38  0.000000  1.000000 -1.828187  2.083810
           39  0.000000  1.000000  1.828187  2.083810
           40  1.000000  0.000000 -1.828187  2.083810
           41  1.000000  0.000000  1.828187  2.083810

               Shell number    9 with    8 vectors

           42 -2.000000  0.000000 -0.914093  2.198992
           43 -2.000000  0.000000  0.914093  2.198992
           44  0.000000 -2.000000 -0.914093  2.198992
           45  0.000000 -2.000000  0.914093  2.198992
           46  0.000000  2.000000 -0.914093  2.198992
           47  0.000000  2.000000  0.914093  2.198992
           48  2.000000  0.000000 -0.914093  2.198992
           49  2.000000  0.000000  0.914093  2.198992

               Shell number   10 with    8 vectors

           50 -2.000000 -1.000000  0.000000  2.236068
           51 -2.000000  1.000000  0.000000  2.236068
           52 -1.000000 -2.000000  0.000000  2.236068
           53 -1.000000  2.000000  0.000000  2.236068
           54  1.000000 -2.000000  0.000000  2.236068
           55  1.000000  2.000000  0.000000  2.236068
           56  2.000000 -1.000000  0.000000  2.236068
           57  2.000000  1.000000  0.000000  2.236068

               Shell number   11 with    8 vectors

           58 -1.000000 -1.000000 -1.828187  2.311334
           59 -1.000000 -1.000000  1.828187  2.311334
           60 -1.000000  1.000000 -1.828187  2.311334
           61 -1.000000  1.000000  1.828187  2.311334
           62  1.000000 -1.000000 -1.828187  2.311334
           63  1.000000 -1.000000  1.828187  2.311334
           64  1.000000  1.000000 -1.828187  2.311334
           65  1.000000  1.000000  1.828187  2.311334

               Shell number   12 with    8 vectors

           66 -2.000000 -1.000000 -0.914093  2.415692
           67 -2.000000 -1.000000  0.914093  2.415692
           68 -2.000000  1.000000 -0.914093  2.415692
           69 -2.000000  1.000000  0.914093  2.415692
           70 -1.000000 -2.000000 -0.914093  2.415692
           71 -1.000000 -2.000000  0.914093  2.415692
           72 -1.000000  2.000000 -0.914093  2.415692
           73 -1.000000  2.000000  0.914093  2.415692
           74  1.000000 -2.000000 -0.914093  2.415692
           75  1.000000 -2.000000  0.914093  2.415692
           76  1.000000  2.000000 -0.914093  2.415692
           77  1.000000  2.000000  0.914093  2.415692
           78  2.000000 -1.000000 -0.914093  2.415692
           79  2.000000 -1.000000  0.914093  2.415692
           80  2.000000  1.000000 -0.914093  2.415692
           81  2.000000  1.000000  0.914093  2.415692

               Shell number   13 with   16 vectors


           Reciprocal space vectors

           NO     KX        KY        KZ        D

            1  0.000000  0.000000  0.000000  0.000000

               Shell number    1 with    1 vectors

            2 -6.283185  0.000000  0.000000  6.283185
            2 -6.283185  0.000000  0.000000  6.283185
            3  0.000000 -6.283185  0.000000  6.283185
            4  0.000000  6.283185  0.000000  6.283185
            5  6.283185  0.000000  0.000000  6.283185

               Shell number    2 with    1 vectors

            6  0.000000  0.000000 -6.873681  6.873681
            6  0.000000  0.000000 -6.873681  6.873681
            7  0.000000  0.000000  6.873681  6.873681

               Shell number    3 with    1 vectors

            8 -6.283185 -6.283185  0.000000  8.885766
            8 -6.283185 -6.283185  0.000000  8.885766
            9 -6.283185  6.283185  0.000000  8.885766
           10  6.283185 -6.283185  0.000000  8.885766
           11  6.283185  6.283185  0.000000  8.885766

               Shell number    4 with    1 vectors

           12 -6.283185  0.000000 -6.873681  9.312674
           12 -6.283185  0.000000 -6.873681  9.312674
           13 -6.283185  0.000000  6.873681  9.312674
           14  0.000000 -6.283185 -6.873681  9.312674
           15  0.000000 -6.283185  6.873681  9.312674
           16  0.000000  6.283185 -6.873681  9.312674
           17  0.000000  6.283185  6.873681  9.312674
           18  6.283185  0.000000 -6.873681  9.312674
           19  6.283185  0.000000  6.873681  9.312674

               Shell number    5 with    1 vectors

           20 -6.283185 -6.283185 -6.873681 11.234070
           20 -6.283185 -6.283185 -6.873681 11.234070
           21 -6.283185 -6.283185  6.873681 11.234070
           22 -6.283185  6.283185 -6.873681 11.234070
           23 -6.283185  6.283185  6.873681 11.234070
           24  6.283185 -6.283185 -6.873681 11.234070
           25  6.283185 -6.283185  6.873681 11.234070
           26  6.283185  6.283185 -6.873681 11.234070
           27  6.283185  6.283185  6.873681 11.234070

               Shell number    6 with    1 vectors

           28-12.566371  0.000000  0.000000 12.566371
           28-12.566371  0.000000  0.000000 12.566371
           29  0.000000-12.566371  0.000000 12.566371
           30  0.000000 12.566371  0.000000 12.566371
           31 12.566371  0.000000  0.000000 12.566371

               Shell number    7 with    1 vectors

           32  0.000000  0.000000-13.747362 13.747362
           32  0.000000  0.000000-13.747362 13.747362
           33  0.000000  0.000000 13.747362 13.747362

               Shell number    8 with    1 vectors

           34-12.566371 -6.283185  0.000000 14.049629
           34-12.566371 -6.283185  0.000000 14.049629
           35-12.566371  6.283185  0.000000 14.049629
           36 -6.283185-12.566371  0.000000 14.049629
           37 -6.283185 12.566371  0.000000 14.049629
           38  6.283185-12.566371  0.000000 14.049629
           39  6.283185 12.566371  0.000000 14.049629
           40 12.566371 -6.283185  0.000000 14.049629
           41 12.566371  6.283185  0.000000 14.049629

               Shell number    9 with    1 vectors

           42-12.566371  0.000000 -6.873681 14.323448
           42-12.566371  0.000000 -6.873681 14.323448
           43-12.566371  0.000000  6.873681 14.323448
           44  0.000000-12.566371 -6.873681 14.323448
           45  0.000000-12.566371  6.873681 14.323448
           46  0.000000 12.566371 -6.873681 14.323448
           47  0.000000 12.566371  6.873681 14.323448
           48 12.566371  0.000000 -6.873681 14.323448
           49 12.566371  0.000000  6.873681 14.323448

               Shell number   10 with    1 vectors

           50 -6.283185  0.000000-13.747362 15.115170
           50 -6.283185  0.000000-13.747362 15.115170
           51 -6.283185  0.000000 13.747362 15.115170
           52  0.000000 -6.283185-13.747362 15.115170
           53  0.000000 -6.283185 13.747362 15.115170
           54  0.000000  6.283185-13.747362 15.115170
           55  0.000000  6.283185 13.747362 15.115170
           56  6.283185  0.000000-13.747362 15.115170
           57  6.283185  0.000000 13.747362 15.115170

               Shell number   11 with    1 vectors

           58-12.566371 -6.283185 -6.873681 15.640958
           58-12.566371 -6.283185 -6.873681 15.640958
           59-12.566371 -6.283185  6.873681 15.640958
           60-12.566371  6.283185 -6.873681 15.640958
           61-12.566371  6.283185  6.873681 15.640958
           62 -6.283185-12.566371 -6.873681 15.640958
           63 -6.283185-12.566371  6.873681 15.640958
           64 -6.283185 12.566371 -6.873681 15.640958
           65 -6.283185 12.566371  6.873681 15.640958
           66  6.283185-12.566371 -6.873681 15.640958
           67  6.283185-12.566371  6.873681 15.640958
           68  6.283185 12.566371 -6.873681 15.640958
           69  6.283185 12.566371  6.873681 15.640958
           70 12.566371 -6.283185 -6.873681 15.640958
           71 12.566371 -6.283185  6.873681 15.640958
           72 12.566371  6.283185 -6.873681 15.640958
           73 12.566371  6.283185  6.873681 15.640958

               Shell number   12 with    1 vectors

           74 -6.283185 -6.283185-13.747362 16.369080
           74 -6.283185 -6.283185-13.747362 16.369080
           75 -6.283185 -6.283185 13.747362 16.369080
           76 -6.283185  6.283185-13.747362 16.369080
           77 -6.283185  6.283185 13.747362 16.369080
           78  6.283185 -6.283185-13.747362 16.369080
           79  6.283185 -6.283185 13.747362 16.369080
           80  6.283185  6.283185-13.747362 16.369080
           81  6.283185  6.283185 13.747362 16.369080

               Shell number   13 with    1 vectors

           82-12.566371-12.566371  0.000000 17.771532
           82-12.566371-12.566371  0.000000 17.771532
           83-12.566371 12.566371  0.000000 17.771532
           84 12.566371-12.566371  0.000000 17.771532
           85 12.566371 12.566371  0.000000 17.771532

               Shell number   14 with    1 vectors

           86-12.566371  0.000000-13.747362 18.625349
           86-12.566371  0.000000-13.747362 18.625349
           87-12.566371  0.000000 13.747362 18.625349
           88  0.000000-12.566371-13.747362 18.625349
           89  0.000000-12.566371 13.747362 18.625349
           90  0.000000 12.566371-13.747362 18.625349
           91  0.000000 12.566371 13.747362 18.625349
           92 12.566371  0.000000-13.747362 18.625349
           93 12.566371  0.000000 13.747362 18.625349

               Shell number   15 with    1 vectors

           94-18.849556  0.000000  0.000000 18.849556
           94-18.849556  0.000000  0.000000 18.849556
           95  0.000000-18.849556  0.000000 18.849556
           96  0.000000 18.849556  0.000000 18.849556
           97 18.849556  0.000000  0.000000 18.849556

               Shell number   16 with    1 vectors

           98-12.566371-12.566371 -6.873681 19.054523
           98-12.566371-12.566371 -6.873681 19.054523
           99-12.566371-12.566371  6.873681 19.054523
          100-12.566371 12.566371 -6.873681 19.054523
          101-12.566371 12.566371  6.873681 19.054523
          102 12.566371-12.566371 -6.873681 19.054523
          103 12.566371-12.566371  6.873681 19.054523
          104 12.566371 12.566371 -6.873681 19.054523
          105 12.566371 12.566371  6.873681 19.054523

               Shell number   17 with    1 vectors

          106-12.566371 -6.283185-13.747362 19.656603
          106-12.566371 -6.283185-13.747362 19.656603
          107-12.566371 -6.283185 13.747362 19.656603
          108-12.566371  6.283185-13.747362 19.656603
          109-12.566371  6.283185 13.747362 19.656603
          110 -6.283185-12.566371-13.747362 19.656603
          111 -6.283185-12.566371 13.747362 19.656603
          112 -6.283185 12.566371-13.747362 19.656603
          113 -6.283185 12.566371 13.747362 19.656603
          114  6.283185-12.566371-13.747362 19.656603
          115  6.283185-12.566371 13.747362 19.656603
          116  6.283185 12.566371-13.747362 19.656603
          117  6.283185 12.566371 13.747362 19.656603
          118 12.566371 -6.283185-13.747362 19.656603
          119 12.566371 -6.283185 13.747362 19.656603
          120 12.566371  6.283185-13.747362 19.656603
          121 12.566371  6.283185 13.747362 19.656603

               Shell number   18 with    1 vectors

          122-18.849556 -6.283185  0.000000 19.869177
          122-18.849556 -6.283185  0.000000 19.869177
          123-18.849556  6.283185  0.000000 19.869177
          124 -6.283185-18.849556  0.000000 19.869177
          125 -6.283185 18.849556  0.000000 19.869177
          126  6.283185-18.849556  0.000000 19.869177
          127  6.283185 18.849556  0.000000 19.869177
          128 18.849556 -6.283185  0.000000 19.869177
          129 18.849556  6.283185  0.000000 19.869177

               Shell number   19 with    1 vectors

          130-18.849556  0.000000 -6.873681 20.063730
          130-18.849556  0.000000 -6.873681 20.063730
          131-18.849556  0.000000  6.873681 20.063730
          132  0.000000-18.849556 -6.873681 20.063730
          133  0.000000-18.849556  6.873681 20.063730
          134  0.000000 18.849556 -6.873681 20.063730
          135  0.000000 18.849556  6.873681 20.063730
          136 18.849556  0.000000 -6.873681 20.063730
          137 18.849556  0.000000  6.873681 20.063730

               Shell number   20 with    1 vectors

          138  0.000000  0.000000-20.621042 20.621042
          138  0.000000  0.000000-20.621042 20.621042
          139  0.000000  0.000000 20.621042 20.621042

               Shell number   21 with    1 vectors

          140-18.849556 -6.283185 -6.873681 21.024549
          140-18.849556 -6.283185 -6.873681 21.024549
          141-18.849556 -6.283185  6.873681 21.024549
          142-18.849556  6.283185 -6.873681 21.024549
          143-18.849556  6.283185  6.873681 21.024549
          144 -6.283185-18.849556 -6.873681 21.024549
          145 -6.283185-18.849556  6.873681 21.024549
          146 -6.283185 18.849556 -6.873681 21.024549
          147 -6.283185 18.849556  6.873681 21.024549
          148  6.283185-18.849556 -6.873681 21.024549
          149  6.283185-18.849556  6.873681 21.024549
          150  6.283185 18.849556 -6.873681 21.024549
          151  6.283185 18.849556  6.873681 21.024549
          152 18.849556 -6.283185 -6.873681 21.024549
          153 18.849556 -6.283185  6.873681 21.024549
          154 18.849556  6.283185 -6.873681 21.024549
          155 18.849556  6.283185  6.873681 21.024549

               Shell number   22 with    1 vectors

          156 -6.283185  0.000000-20.621042 21.557036
          156 -6.283185  0.000000-20.621042 21.557036
          157 -6.283185  0.000000 20.621042 21.557036
          158  0.000000 -6.283185-20.621042 21.557036
          159  0.000000 -6.283185 20.621042 21.557036
          160  0.000000  6.283185-20.621042 21.557036
          161  0.000000  6.283185 20.621042 21.557036
          162  6.283185  0.000000-20.621042 21.557036
          163  6.283185  0.000000 20.621042 21.557036

               Shell number   23 with    1 vectors

          164 -6.283185 -6.283185-20.621042 22.454047
          164 -6.283185 -6.283185-20.621042 22.454047
          165 -6.283185 -6.283185 20.621042 22.454047
          166 -6.283185  6.283185-20.621042 22.454047
          167 -6.283185  6.283185 20.621042 22.454047
          168  6.283185 -6.283185-20.621042 22.454047
          169  6.283185 -6.283185 20.621042 22.454047
          170  6.283185  6.283185-20.621042 22.454047
          171  6.283185  6.283185 20.621042 22.454047

               Shell number   24 with    1 vectors

          172-12.566371-12.566371-13.747362 22.468140
          172-12.566371-12.566371-13.747362 22.468140
          173-12.566371-12.566371 13.747362 22.468140
          174-12.566371 12.566371-13.747362 22.468140
          175-12.566371 12.566371 13.747362 22.468140
          176 12.566371-12.566371-13.747362 22.468140
          177 12.566371-12.566371 13.747362 22.468140
          178 12.566371 12.566371-13.747362 22.468140
          179 12.566371 12.566371 13.747362 22.468140

               Shell number   25 with    1 vectors


           NUMR  =  7 NUMG  =  9 NUMVR = 81 NUMVG =179

 Madl3d:   Madelung constant with compensating background:

           CMDL =   1.79163080

           Madelung monopole potential(s):


            -2.21157497 -0.51756357 -0.42706154 -0.42706154
            -0.51756357 -2.21157497 -0.42706154 -0.42706154
            -0.42706154 -0.42706154 -2.21157497 -0.51756357
            -0.42706154 -0.42706154 -0.51756357 -2.21157497

 Madl3:*** End of Madelung calculation

 Screen:   Hard sphere radii in units of ws:

           site         s       p       d
 
             1     0.7000  0.7000  0.7000
             2     0.7000  0.7000  0.7000
             3     0.7000  0.7000  0.7000
             4     0.7000  0.7000  0.7000

 Trmtrx:   IQ  l      t1           t2           t3           t4

            1  0   0.00000000   2.00000000   0.70000000  -2.00000000
            1  1   0.16333333   5.71428571   0.16333333  -2.85714286
            1  2   0.13720000  12.24489796   0.06860000  -4.08163265
            2  0   0.00000000   2.00000000   0.70000000  -2.00000000
            2  1   0.16333333   5.71428571   0.16333333  -2.85714286
            2  2   0.13720000  12.24489796   0.06860000  -4.08163265
            3  0   0.00000000   2.00000000   0.70000000  -2.00000000
            3  1   0.16333333   5.71428571   0.16333333  -2.85714286
            3  2   0.13720000  12.24489796   0.06860000  -4.08163265
            4  0   0.00000000   2.00000000   0.70000000  -2.00000000
            4  1   0.16333333   5.71428571   0.16333333  -2.85714286
            4  2   0.13720000  12.24489796   0.06860000  -4.08163265

 Trmtrx:   IQ  l      t1dot        t2dot        t3dot        t4dot

            1  0  -0.11433333   0.49000000  -0.05716667   0.49000000
            1  1  -0.02401000   0.00000000  -0.00800333  -0.70000000
            1  2  -0.00960400   0.33333333  -0.00240100  -0.33333333
            2  0  -0.11433333   0.49000000  -0.05716667   0.49000000
            2  1  -0.02401000   0.00000000  -0.00800333  -0.70000000
            2  2  -0.00960400   0.33333333  -0.00240100  -0.33333333
            3  0  -0.11433333   0.49000000  -0.05716667   0.49000000
            3  1  -0.02401000   0.00000000  -0.00800333  -0.70000000
            3  2  -0.00960400   0.33333333  -0.00240100  -0.33333333
            4  0  -0.11433333   0.49000000  -0.05716667   0.49000000
            4  1  -0.02401000   0.00000000  -0.00800333  -0.70000000
            4  2  -0.00960400   0.33333333  -0.00240100  -0.33333333

            1  0   0.01120467  -0.12005000   0.00280117  -0.04001667
            1  1   0.00140058   0.34300000   0.00028012   0.17150000
            1  2   0.00039216  -0.08166667   0.00006536  -0.08166667
            2  0   0.01120467  -0.12005000   0.00280117  -0.04001667
            2  1   0.00140058   0.34300000   0.00028012   0.17150000
            2  2   0.00039216  -0.08166667   0.00006536  -0.08166667
            3  0   0.01120467  -0.12005000   0.00280117  -0.04001667
            3  1   0.00140058   0.34300000   0.00028012   0.17150000
            3  2   0.00039216  -0.08166667   0.00006536  -0.08166667
            4  0   0.01120467  -0.12005000   0.00280117  -0.04001667
            4  1   0.00140058   0.34300000   0.00028012   0.17150000
            4  2   0.00039216  -0.08166667   0.00006536  -0.08166667

            1  0  -0.00058824   0.00980408  -0.00009804   0.00196082
            1  1  -0.00005338  -0.05602333  -0.00000763  -0.01400583
            1  2  -0.00001165   0.06002500  -0.00000146   0.02000833
            2  0  -0.00058824   0.00980408  -0.00009804   0.00196082
            2  1  -0.00005338  -0.05602333  -0.00000763  -0.01400583
            2  2  -0.00001165   0.06002500  -0.00000146   0.02000833
            3  0  -0.00058824   0.00980408  -0.00009804   0.00196082
            3  1  -0.00005338  -0.05602333  -0.00000763  -0.01400583
            3  2  -0.00001165   0.06002500  -0.00000146   0.02000833
            4  0  -0.00058824   0.00980408  -0.00009804   0.00196082
            4  1  -0.00005338  -0.05602333  -0.00000763  -0.01400583
            4  2  -0.00001165   0.06002500  -0.00000146   0.02000833

            1  0   0.00002135  -0.00048040   0.00000267  -0.00006863
            1  1   0.00000153   0.00411771   0.00000017   0.00068629
            1  2   0.00000027  -0.00817007   0.00000003  -0.00163401
            2  0   0.00002135  -0.00048040   0.00000267  -0.00006863
            2  1   0.00000153   0.00411771   0.00000017   0.00068629
            2  2   0.00000027  -0.00817007   0.00000003  -0.00163401
            3  0   0.00002135  -0.00048040   0.00000267  -0.00006863
            3  1   0.00000153   0.00411771   0.00000017   0.00068629
            3  2   0.00000027  -0.00817007   0.00000003  -0.00163401
            4  0   0.00002135  -0.00048040   0.00000267  -0.00006863
            4  1   0.00000153   0.00411771   0.00000017   0.00068629
            4  2   0.00000027  -0.00817007   0.00000003  -0.00163401

            1  0  -0.00000059   0.00001681  -0.00000006   0.00000187
            1  1  -0.00000004  -0.00019216  -0.00000000  -0.00002402
            1  2  -0.00000001   0.00056047  -0.00000000   0.00008007
            2  0  -0.00000059   0.00001681  -0.00000006   0.00000187
            2  1  -0.00000004  -0.00019216  -0.00000000  -0.00002402
            2  2  -0.00000001   0.00056047  -0.00000000   0.00008007
            3  0  -0.00000059   0.00001681  -0.00000006   0.00000187
            3  1  -0.00000004  -0.00019216  -0.00000000  -0.00002402
            3  2  -0.00000001   0.00056047  -0.00000000   0.00008007
            4  0  -0.00000059   0.00001681  -0.00000006   0.00000187
            4  1  -0.00000004  -0.00019216  -0.00000000  -0.00002402
            4  2  -0.00000001   0.00056047  -0.00000000   0.00008007

            1  0   0.00000001  -0.00000046   0.00000000  -0.00000004
            1  1   0.00000000   0.00000654   0.00000000   0.00000065
            1  2   0.00000000  -0.00002522   0.00000000  -0.00000280
            2  0   0.00000001  -0.00000046   0.00000000  -0.00000004
            2  1   0.00000000   0.00000654   0.00000000   0.00000065
            2  2   0.00000000  -0.00002522   0.00000000  -0.00000280
            3  0   0.00000001  -0.00000046   0.00000000  -0.00000004
            3  1   0.00000000   0.00000654   0.00000000   0.00000065
            3  2   0.00000000  -0.00002522   0.00000000  -0.00000280
            4  0   0.00000001  -0.00000046   0.00000000  -0.00000004
            4  1   0.00000000   0.00000654   0.00000000   0.00000065
            4  2   0.00000000  -0.00002522   0.00000000  -0.00000280


 Trwats:   IQ L  RWATS/WS     Screening constants of the Watson orbitals

            1 0  6.073  0.3293    -4.0489-0.2E+2-0.2E+3-0.3E+04-0.6E+05-0.1E+07
            1 1  6.073  0.0268     0.5928-0.5E+1-0.2E+2-0.1E+03-0.9E+03-0.1E+05
            1 2  6.073  0.0012     0.0106 0.2E+0-0.1E+1-0.3E+01-0.1E+02-0.9E+02
            1 3  6.073  0.0000     0.0003 0.2E-2 0.3E-1-0.2E+00-0.3E+00-0.1E+01
            1 4  6.073  0.0000     0.0000 0.3E-4 0.2E-3 0.3E-02-0.1E-01-0.2E-01
            1 5  6.073  0.0000     0.0000 0.7E-6 0.3E-5 0.2E-04 0.2E-03-0.8E-03
            1 6  6.073  0.0000     0.0000 0.2E-7 0.6E-7 0.2E-06 0.1E-05 0.1E-04
            1 7  6.073  0.0000     0.0000 0.4E-9 0.1E-8 0.3E-08 0.1E-07 0.6E-07
            1 8  6.073  0.0000     0.0000************** 0.6E-10 0.2E-09 0.6E-09
            2 0  6.073  0.3293    -4.0489-0.2E+2-0.2E+3-0.3E+04-0.6E+05-0.1E+07
            2 1  6.073  0.0268     0.5928-0.5E+1-0.2E+2-0.1E+03-0.9E+03-0.1E+05
            2 2  6.073  0.0012     0.0106 0.2E+0-0.1E+1-0.3E+01-0.1E+02-0.9E+02
            2 3  6.073  0.0000     0.0003 0.2E-2 0.3E-1-0.2E+00-0.3E+00-0.1E+01
            2 4  6.073  0.0000     0.0000 0.3E-4 0.2E-3 0.3E-02-0.1E-01-0.2E-01
            2 5  6.073  0.0000     0.0000 0.7E-6 0.3E-5 0.2E-04 0.2E-03-0.8E-03
            2 6  6.073  0.0000     0.0000 0.2E-7 0.6E-7 0.2E-06 0.1E-05 0.1E-04
            2 7  6.073  0.0000     0.0000 0.4E-9 0.1E-8 0.3E-08 0.1E-07 0.6E-07
            2 8  6.073  0.0000     0.0000************** 0.6E-10 0.2E-09 0.6E-09
            3 0  6.073  0.3293    -4.0489-0.2E+2-0.2E+3-0.3E+04-0.6E+05-0.1E+07
            3 1  6.073  0.0268     0.5928-0.5E+1-0.2E+2-0.1E+03-0.9E+03-0.1E+05
            3 2  6.073  0.0012     0.0106 0.2E+0-0.1E+1-0.3E+01-0.1E+02-0.9E+02
            3 3  6.073  0.0000     0.0003 0.2E-2 0.3E-1-0.2E+00-0.3E+00-0.1E+01
            3 4  6.073  0.0000     0.0000 0.3E-4 0.2E-3 0.3E-02-0.1E-01-0.2E-01
            3 5  6.073  0.0000     0.0000 0.7E-6 0.3E-5 0.2E-04 0.2E-03-0.8E-03
            3 6  6.073  0.0000     0.0000 0.2E-7 0.6E-7 0.2E-06 0.1E-05 0.1E-04
            3 7  6.073  0.0000     0.0000 0.4E-9 0.1E-8 0.3E-08 0.1E-07 0.6E-07
            3 8  6.073  0.0000     0.0000************** 0.6E-10 0.2E-09 0.6E-09
            4 0  6.073  0.3293    -4.0489-0.2E+2-0.2E+3-0.3E+04-0.6E+05-0.1E+07
            4 1  6.073  0.0268     0.5928-0.5E+1-0.2E+2-0.1E+03-0.9E+03-0.1E+05
            4 2  6.073  0.0012     0.0106 0.2E+0-0.1E+1-0.3E+01-0.1E+02-0.9E+02
            4 3  6.073  0.0000     0.0003 0.2E-2 0.3E-1-0.2E+00-0.3E+00-0.1E+01
            4 4  6.073  0.0000     0.0000 0.3E-4 0.2E-3 0.3E-02-0.1E-01-0.2E-01
            4 5  6.073  0.0000     0.0000 0.7E-6 0.3E-5 0.2E-04 0.2E-03-0.8E-03
            4 6  6.073  0.0000     0.0000 0.2E-7 0.6E-7 0.2E-06 0.1E-05 0.1E-04
            4 7  6.073  0.0000     0.0000 0.4E-9 0.1E-8 0.3E-08 0.1E-07 0.6E-07
            4 8  6.073  0.0000     0.0000************** 0.6E-10 0.2E-09 0.6E-09

 Mgaunt:   NGAUNT =  2292 NGAUNTW =  2358
 Storel:   Store crystal data, cmode = KSTR
