 Fhndlr:   Program: KSTR, Version: LV-HLS 23 Oct 2003                TM: 16:42
           Slope & Madelung matrices, Lat=  st, Job=fept_1.03  16:42/30-Dec-25  

           JOB   : fept_1.03, cmode = KSTR
           FOR001: ./fept_1.03.tfm
           FOR002: ./fept_1.03.tfh
           FOR003: ./fept_1.03.mdl
           FOR006: fept_1.03.prn
           FOR050: fept_1.03.log

 Input:    MODE  =  B STORE =  Y NPRN  =  1

           NL   =  3 NLH  =  9 NLW  =  9 NDER =  6

           DMAX    =  1.900000 DWATS  =  0.100000

           (K*W)^2 =  0.000000 ITRANS = 3

 Primv:    Special choice of primitive vectors, lattice=  st

           A     =  1.000000 B     =  1.000000 C     =  1.034093
           Alpha =    90.000 Beta  =    90.000 Gamma =    90.000

           Primitive vectors for   st lattice in
           units of the lattice spacing a:

           (   1.00000,   0.00000,   0.00000 )
           (   0.00000,   1.00000,   0.00000 )
           (   0.00000,   0.00000,   1.03409 )

           Basis vectors:            NQ3 =   4

           (   0.00000,   0.00000,   0.00000 )
           (   0.50000,  -0.50000,   0.00000 )
           (   0.00000,  -0.50000,  -0.51705 )
           (   0.50000,   0.00000,  -0.51705 )


 Primkr:   Wigner Seitz radius:  0.395188 VOL   =  1.034093


           Primitive vectors of reciprocal space
           in units of 2*pi/a

           (   1.00000,   0.00000,   0.00000  )
           (   0.00000,   1.00000,   0.00000  )
           (   0.00000,   0.00000,   0.96703  )

 Set3d:    Basis vectors in 3D cell are set.

 Latt3d:   Generate lattice vectors, NGHBP = 13
 
           Shells of neighbours around

           IQ =  1                      QP =  0.000  0.000  0.000


           IS IN  IR JQ     D          RPX       RPY       RPZ
 
            1  1   1  1  0.000000    0.000000  0.000000  0.000000
 
            2  1   2  2  0.707107    0.500000 -0.500000  0.000000
            2  2   3  2  0.707107   -0.500000  0.500000  0.000000
            2  3   4  2  0.707107   -0.500000 -0.500000  0.000000
            2  4   5  2  0.707107    0.500000  0.500000  0.000000
 
            3  1   6  3  0.719262    0.000000 -0.500000  0.517047
            3  2   7  4  0.719262   -0.500000  0.000000  0.517047
            3  3   8  4  0.719262   -0.500000  0.000000 -0.517047
            3  4   9  3  0.719262    0.000000  0.500000 -0.517047
            3  5  10  3  0.719262    0.000000 -0.500000 -0.517047
            3  6  11  3  0.719262    0.000000  0.500000  0.517047
            3  7  12  4  0.719262    0.500000  0.000000 -0.517047
            3  8  13  4  0.719262    0.500000  0.000000  0.517047
 
            4  1  14  1  1.000000    0.000000 -1.000000  0.000000
            4  2  15  1  1.000000    1.000000  0.000000  0.000000
            4  3  16  1  1.000000   -1.000000  0.000000  0.000000
            4  4  17  1  1.000000    0.000000  1.000000  0.000000
 
            5  1  18  1  1.034093    0.000000  0.000000  1.034093
            5  2  19  1  1.034093    0.000000  0.000000 -1.034093
 
            6  1  20  3  1.231802    1.000000 -0.500000  0.517047
            6  2  21  3  1.231802    1.000000 -0.500000 -0.517047
            6  3  22  3  1.231802    1.000000  0.500000  0.517047
            6  4  23  3  1.231802   -1.000000 -0.500000 -0.517047
            6  5  24  3  1.231802   -1.000000 -0.500000  0.517047
            6  6  25  3  1.231802   -1.000000  0.500000 -0.517047
            6  7  26  4  1.231802    0.500000  1.000000  0.517047
            6  8  27  4  1.231802   -0.500000 -1.000000 -0.517047
            6  9  28  3  1.231802    1.000000  0.500000 -0.517047
            6 10  29  4  1.231802   -0.500000  1.000000 -0.517047
            6 11  30  4  1.231802   -0.500000  1.000000  0.517047
            6 12  31  4  1.231802    0.500000 -1.000000  0.517047
            6 13  32  3  1.231802   -1.000000  0.500000  0.517047
            6 14  33  4  1.231802    0.500000 -1.000000 -0.517047
            6 15  34  4  1.231802   -0.500000 -1.000000  0.517047
            6 16  35  4  1.231802    0.500000  1.000000 -0.517047
 
            7  1  36  2  1.252737    0.500000  0.500000  1.034093
            7  2  37  2  1.252737   -0.500000 -0.500000 -1.034093
            7  3  38  2  1.252737   -0.500000  0.500000  1.034093
            7  4  39  2  1.252737   -0.500000 -0.500000  1.034093
            7  5  40  2  1.252737   -0.500000  0.500000 -1.034093
            7  6  41  2  1.252737    0.500000  0.500000 -1.034093
            7  7  42  2  1.252737    0.500000 -0.500000  1.034093
            7  8  43  2  1.252737    0.500000 -0.500000 -1.034093
 
            8  1  44  1  1.414214    1.000000  1.000000  0.000000
            8  2  45  1  1.414214   -1.000000 -1.000000  0.000000
            8  3  46  1  1.414214    1.000000 -1.000000  0.000000
            8  4  47  1  1.414214   -1.000000  1.000000  0.000000
 
            9  1  48  1  1.438523    0.000000  1.000000 -1.034093
            9  2  49  1  1.438523    1.000000  0.000000  1.034093
            9  3  50  1  1.438523    0.000000 -1.000000 -1.034093
            9  4  51  1  1.438523    0.000000 -1.000000  1.034093
            9  5  52  1  1.438523   -1.000000  0.000000 -1.034093
            9  6  53  1  1.438523    1.000000  0.000000 -1.034093
            9  7  54  1  1.438523   -1.000000  0.000000  1.034093
            9  8  55  1  1.438523    0.000000  1.000000  1.034093
 
           10  1  56  2  1.581139    1.500000  0.500000  0.000000
           10  2  57  2  1.581139   -0.500000 -1.500000  0.000000
           10  3  58  2  1.581139    1.500000 -0.500000  0.000000
           10  4  59  2  1.581139   -1.500000  0.500000  0.000000
           10  5  60  2  1.581139   -1.500000 -0.500000  0.000000
           10  6  61  2  1.581139    0.500000  1.500000  0.000000
           10  7  62  2  1.581139    0.500000 -1.500000  0.000000
           10  8  63  2  1.581139   -0.500000  1.500000  0.000000
 
           11  1  64  3  1.586612    0.000000 -1.500000  0.517047
           11  2  65  4  1.586612    1.500000  0.000000 -0.517047
           11  3  66  4  1.586612   -1.500000  0.000000 -0.517047
           11  4  67  4  1.586612    1.500000  0.000000  0.517047
           11  5  68  3  1.586612    0.000000 -1.500000 -0.517047
           11  6  69  4  1.586612   -1.500000  0.000000  0.517047
           11  7  70  3  1.586612    0.000000  1.500000  0.517047
           11  8  71  3  1.586612    0.000000  1.500000 -0.517047
 
           12  1  72  4  1.629735   -0.500000  0.000000  1.551140
           12  2  73  4  1.629735   -0.500000  0.000000 -1.551140
           12  3  74  3  1.629735    0.000000 -0.500000 -1.551140
           12  4  75  4  1.629735    0.500000  0.000000  1.551140
           12  5  76  3  1.629735    0.000000  0.500000 -1.551140
           12  6  77  3  1.629735    0.000000 -0.500000  1.551140
           12  7  78  3  1.629735    0.000000  0.500000  1.551140
           12  8  79  4  1.629735    0.500000  0.000000 -1.551140
 
           13  1  80  1  1.751956   -1.000000 -1.000000  1.034093
           13  2  81  1  1.751956   -1.000000 -1.000000 -1.034093
           13  3  82  1  1.751956   -1.000000  1.000000 -1.034093
           13  4  83  1  1.751956    1.000000 -1.000000 -1.034093
           13  5  84  1  1.751956    1.000000  1.000000  1.034093
           13  6  85  1  1.751956    1.000000  1.000000 -1.034093
           13  7  86  1  1.751956   -1.000000  1.000000  1.034093
           13  8  87  1  1.751956    1.000000 -1.000000  1.034093
 
           14  1  88  3  1.875457   -1.000000  1.500000 -0.517047
           14  2  89  4  1.875457    1.500000 -1.000000 -0.517047
           14  3  90  3  1.875457   -1.000000 -1.500000 -0.517047
           14  4  91  3  1.875457    1.000000 -1.500000  0.517047
           14  5  92  3  1.875457    1.000000 -1.500000 -0.517047
           14  6  93  4  1.875457   -1.500000 -1.000000  0.517047
           14  7  94  4  1.875457   -1.500000  1.000000 -0.517047
           14  8  95  4  1.875457    1.500000  1.000000  0.517047
           14  9  96  4  1.875457   -1.500000 -1.000000 -0.517047
           14 10  97  4  1.875457   -1.500000  1.000000  0.517047
           14 11  98  4  1.875457    1.500000  1.000000 -0.517047
           14 12  99  3  1.875457   -1.000000  1.500000  0.517047
           14 13 100  3  1.875457   -1.000000 -1.500000  0.517047
           14 14 101  4  1.875457    1.500000 -1.000000  0.517047
           14 15 102  3  1.875457    1.000000  1.500000  0.517047
           14 16 103  3  1.875457    1.000000  1.500000 -0.517047
 
           15  1 104  2  1.889272   -0.500000  1.500000 -1.034093
           15  2 105  2  1.889272   -0.500000  1.500000  1.034093
           15  3 106  2  1.889272    1.500000 -0.500000  1.034093
           15  4 107  2  1.889272   -1.500000  0.500000 -1.034093
           15  5 108  2  1.889272   -1.500000 -0.500000  1.034093
           15  6 109  2  1.889272   -1.500000 -0.500000 -1.034093
           15  7 110  2  1.889272   -1.500000  0.500000  1.034093
           15  8 111  2  1.889272   -0.500000 -1.500000 -1.034093
           15  9 112  2  1.889272   -0.500000 -1.500000  1.034093
           15 10 113  2  1.889272    1.500000  0.500000 -1.034093
           15 11 114  2  1.889272    1.500000  0.500000  1.034093
           15 12 115  2  1.889272    0.500000 -1.500000 -1.034093
           15 13 116  2  1.889272    0.500000 -1.500000  1.034093
           15 14 117  2  1.889272    0.500000  1.500000 -1.034093
           15 15 118  2  1.889272    0.500000  1.500000  1.034093
           15 16 119  2  1.889272    1.500000 -0.500000 -1.034093

           r_max: 1.90 Number of vectors:  119. Number of shells:  15
 
           Shells of neighbours around

           IQ =  2                      QP =  0.500 -0.500  0.000


           IS IN  IR JQ     D          RPX       RPY       RPZ
 
            1  1 120  2  0.000000    0.000000  0.000000  0.000000
 
            2  1 121  1  0.707107   -0.500000  0.500000  0.000000
            2  2 122  1  0.707107    0.500000  0.500000  0.000000
            2  3 123  1  0.707107    0.500000 -0.500000  0.000000
            2  4 124  1  0.707107   -0.500000 -0.500000  0.000000
 
            3  1 125  3  0.719262    0.500000  0.000000  0.517047
            3  2 126  3  0.719262    0.500000  0.000000 -0.517047
            3  3 127  4  0.719262    0.000000 -0.500000  0.517047
            3  4 128  3  0.719262   -0.500000  0.000000  0.517047
            3  5 129  4  0.719262    0.000000  0.500000  0.517047
            3  6 130  4  0.719262    0.000000  0.500000 -0.517047
            3  7 131  4  0.719262    0.000000 -0.500000 -0.517047
            3  8 132  3  0.719262   -0.500000  0.000000 -0.517047
 
            4  1 133  2  1.000000    0.000000  1.000000  0.000000
            4  2 134  2  1.000000   -1.000000  0.000000  0.000000
            4  3 135  2  1.000000    1.000000  0.000000  0.000000
            4  4 136  2  1.000000    0.000000 -1.000000  0.000000
 
            5  1 137  2  1.034093    0.000000  0.000000 -1.034093
            5  2 138  2  1.034093    0.000000  0.000000  1.034093
 
            6  1 139  4  1.231802    1.000000 -0.500000 -0.517047
            6  2 140  3  1.231802   -0.500000 -1.000000  0.517047
            6  3 141  3  1.231802   -0.500000  1.000000 -0.517047
            6  4 142  4  1.231802    1.000000  0.500000  0.517047
            6  5 143  3  1.231802    0.500000  1.000000 -0.517047
            6  6 144  3  1.231802   -0.500000 -1.000000 -0.517047
            6  7 145  4  1.231802   -1.000000  0.500000  0.517047
            6  8 146  3  1.231802    0.500000 -1.000000  0.517047
            6  9 147  4  1.231802   -1.000000  0.500000 -0.517047
            6 10 148  3  1.231802   -0.500000  1.000000  0.517047
            6 11 149  4  1.231802   -1.000000 -0.500000 -0.517047
            6 12 150  4  1.231802   -1.000000 -0.500000  0.517047
            6 13 151  3  1.231802    0.500000 -1.000000 -0.517047
            6 14 152  4  1.231802    1.000000  0.500000 -0.517047
            6 15 153  3  1.231802    0.500000  1.000000  0.517047
            6 16 154  4  1.231802    1.000000 -0.500000  0.517047
 
            7  1 155  1  1.252737    0.500000 -0.500000 -1.034093
            7  2 156  1  1.252737    0.500000  0.500000 -1.034093
            7  3 157  1  1.252737   -0.500000 -0.500000 -1.034093
            7  4 158  1  1.252737    0.500000 -0.500000  1.034093
            7  5 159  1  1.252737   -0.500000  0.500000 -1.034093
            7  6 160  1  1.252737    0.500000  0.500000  1.034093
            7  7 161  1  1.252737   -0.500000 -0.500000  1.034093
            7  8 162  1  1.252737   -0.500000  0.500000  1.034093
 
            8  1 163  2  1.414214    1.000000  1.000000  0.000000
            8  2 164  2  1.414214   -1.000000 -1.000000  0.000000
            8  3 165  2  1.414214   -1.000000  1.000000  0.000000
            8  4 166  2  1.414214    1.000000 -1.000000  0.000000
 
            9  1 167  2  1.438523    0.000000 -1.000000 -1.034093
            9  2 168  2  1.438523   -1.000000  0.000000 -1.034093
            9  3 169  2  1.438523    1.000000  0.000000 -1.034093
            9  4 170  2  1.438523    0.000000 -1.000000  1.034093
            9  5 171  2  1.438523    0.000000  1.000000 -1.034093
            9  6 172  2  1.438523   -1.000000  0.000000  1.034093
            9  7 173  2  1.438523    0.000000  1.000000  1.034093
            9  8 174  2  1.438523    1.000000  0.000000  1.034093
 
           10  1 175  1  1.581139    1.500000  0.500000  0.000000
           10  2 176  1  1.581139   -0.500000  1.500000  0.000000
           10  3 177  1  1.581139   -1.500000 -0.500000  0.000000
           10  4 178  1  1.581139   -0.500000 -1.500000  0.000000
           10  5 179  1  1.581139    1.500000 -0.500000  0.000000
           10  6 180  1  1.581139    0.500000  1.500000  0.000000
           10  7 181  1  1.581139   -1.500000  0.500000  0.000000
           10  8 182  1  1.581139    0.500000 -1.500000  0.000000
 
           11  1 183  4  1.586612    0.000000  1.500000  0.517047
           11  2 184  3  1.586612    1.500000  0.000000 -0.517047
           11  3 185  3  1.586612   -1.500000  0.000000 -0.517047
           11  4 186  3  1.586612   -1.500000  0.000000  0.517047
           11  5 187  4  1.586612    0.000000 -1.500000  0.517047
           11  6 188  4  1.586612    0.000000 -1.500000 -0.517047
           11  7 189  3  1.586612    1.500000  0.000000  0.517047
           11  8 190  4  1.586612    0.000000  1.500000 -0.517047
 
           12  1 191  3  1.629735   -0.500000  0.000000 -1.551140
           12  2 192  4  1.629735    0.000000  0.500000  1.551140
           12  3 193  4  1.629735    0.000000 -0.500000  1.551140
           12  4 194  3  1.629735   -0.500000  0.000000  1.551140
           12  5 195  4  1.629735    0.000000  0.500000 -1.551140
           12  6 196  4  1.629735    0.000000 -0.500000 -1.551140
           12  7 197  3  1.629735    0.500000  0.000000  1.551140
           12  8 198  3  1.629735    0.500000  0.000000 -1.551140
 
           13  1 199  2  1.751956   -1.000000 -1.000000  1.034093
           13  2 200  2  1.751956   -1.000000 -1.000000 -1.034093
           13  3 201  2  1.751956    1.000000 -1.000000 -1.034093
           13  4 202  2  1.751956   -1.000000  1.000000 -1.034093
           13  5 203  2  1.751956    1.000000  1.000000 -1.034093
           13  6 204  2  1.751956    1.000000 -1.000000  1.034093
           13  7 205  2  1.751956    1.000000  1.000000  1.034093
           13  8 206  2  1.751956   -1.000000  1.000000  1.034093
 
           14  1 207  3  1.875457    1.500000 -1.000000  0.517047
           14  2 208  4  1.875457    1.000000 -1.500000 -0.517047
           14  3 209  4  1.875457    1.000000  1.500000 -0.517047
           14  4 210  3  1.875457    1.500000 -1.000000 -0.517047
           14  5 211  4  1.875457    1.000000 -1.500000  0.517047
           14  6 212  4  1.875457    1.000000  1.500000  0.517047
           14  7 213  4  1.875457   -1.000000 -1.500000  0.517047
           14  8 214  4  1.875457   -1.000000 -1.500000 -0.517047
           14  9 215  3  1.875457    1.500000  1.000000  0.517047
           14 10 216  3  1.875457    1.500000  1.000000 -0.517047
           14 11 217  4  1.875457   -1.000000  1.500000 -0.517047
           14 12 218  4  1.875457   -1.000000  1.500000  0.517047
           14 13 219  3  1.875457   -1.500000  1.000000  0.517047
           14 14 220  3  1.875457   -1.500000  1.000000 -0.517047
           14 15 221  3  1.875457   -1.500000 -1.000000  0.517047
           14 16 222  3  1.875457   -1.500000 -1.000000 -0.517047
 
           15  1 223  1  1.889272    1.500000  0.500000  1.034093
           15  2 224  1  1.889272    1.500000  0.500000 -1.034093
           15  3 225  1  1.889272    1.500000 -0.500000  1.034093
           15  4 226  1  1.889272    1.500000 -0.500000 -1.034093
           15  5 227  1  1.889272    0.500000  1.500000  1.034093
           15  6 228  1  1.889272    0.500000  1.500000 -1.034093
           15  7 229  1  1.889272    0.500000 -1.500000  1.034093
           15  8 230  1  1.889272    0.500000 -1.500000 -1.034093
           15  9 231  1  1.889272   -0.500000  1.500000  1.034093
           15 10 232  1  1.889272   -0.500000  1.500000 -1.034093
           15 11 233  1  1.889272   -0.500000 -1.500000  1.034093
           15 12 234  1  1.889272   -0.500000 -1.500000 -1.034093
           15 13 235  1  1.889272   -1.500000  0.500000  1.034093
           15 14 236  1  1.889272   -1.500000  0.500000 -1.034093
           15 15 237  1  1.889272   -1.500000 -0.500000  1.034093
           15 16 238  1  1.889272   -1.500000 -0.500000 -1.034093

           r_max: 1.90 Number of vectors:  238. Number of shells:  15
 
           Shells of neighbours around

           IQ =  3                      QP =  0.000 -0.500 -0.517


           IS IN  IR JQ     D          RPX       RPY       RPZ
 
            1  1 239  3  0.000000    0.000000  0.000000  0.000000
 
            2  1 240  4  0.707107    0.500000  0.500000  0.000000
            2  2 241  4  0.707107   -0.500000  0.500000  0.000000
            2  3 242  4  0.707107    0.500000 -0.500000  0.000000
            2  4 243  4  0.707107   -0.500000 -0.500000  0.000000
 
            3  1 244  2  0.719262    0.500000  0.000000 -0.517047
            3  2 245  1  0.719262    0.000000  0.500000 -0.517047
            3  3 246  2  0.719262   -0.500000  0.000000  0.517047
            3  4 247  2  0.719262   -0.500000  0.000000 -0.517047
            3  5 248  2  0.719262    0.500000  0.000000  0.517047
            3  6 249  1  0.719262    0.000000  0.500000  0.517047
            3  7 250  1  0.719262    0.000000 -0.500000 -0.517047
            3  8 251  1  0.719262    0.000000 -0.500000  0.517047
 
            4  1 252  3  1.000000   -1.000000  0.000000  0.000000
            4  2 253  3  1.000000    0.000000 -1.000000  0.000000
            4  3 254  3  1.000000    0.000000  1.000000  0.000000
            4  4 255  3  1.000000    1.000000  0.000000  0.000000
 
            5  1 256  3  1.034093    0.000000  0.000000 -1.034093
            5  2 257  3  1.034093    0.000000  0.000000  1.034093
 
            6  1 258  2  1.231802   -0.500000 -1.000000  0.517047
            6  2 259  2  1.231802    0.500000  1.000000  0.517047
            6  3 260  1  1.231802   -1.000000  0.500000 -0.517047
            6  4 261  1  1.231802   -1.000000  0.500000  0.517047
            6  5 262  1  1.231802    1.000000 -0.500000  0.517047
            6  6 263  1  1.231802    1.000000  0.500000 -0.517047
            6  7 264  1  1.231802    1.000000  0.500000  0.517047
            6  8 265  2  1.231802    0.500000 -1.000000 -0.517047
            6  9 266  2  1.231802   -0.500000  1.000000  0.517047
            6 10 267  1  1.231802   -1.000000 -0.500000  0.517047
            6 11 268  2  1.231802   -0.500000  1.000000 -0.517047
            6 12 269  1  1.231802    1.000000 -0.500000 -0.517047
            6 13 270  1  1.231802   -1.000000 -0.500000 -0.517047
            6 14 271  2  1.231802    0.500000 -1.000000  0.517047
            6 15 272  2  1.231802   -0.500000 -1.000000 -0.517047
            6 16 273  2  1.231802    0.500000  1.000000 -0.517047
 
            7  1 274  4  1.252737   -0.500000  0.500000  1.034093
            7  2 275  4  1.252737   -0.500000 -0.500000 -1.034093
            7  3 276  4  1.252737   -0.500000 -0.500000  1.034093
            7  4 277  4  1.252737   -0.500000  0.500000 -1.034093
            7  5 278  4  1.252737    0.500000  0.500000  1.034093
            7  6 279  4  1.252737    0.500000 -0.500000 -1.034093
            7  7 280  4  1.252737    0.500000 -0.500000  1.034093
            7  8 281  4  1.252737    0.500000  0.500000 -1.034093
 
            8  1 282  3  1.414214   -1.000000 -1.000000  0.000000
            8  2 283  3  1.414214   -1.000000  1.000000  0.000000
            8  3 284  3  1.414214    1.000000 -1.000000  0.000000
            8  4 285  3  1.414214    1.000000  1.000000  0.000000
 
            9  1 286  3  1.438523   -1.000000  0.000000  1.034093
            9  2 287  3  1.438523    0.000000  1.000000 -1.034093
            9  3 288  3  1.438523    1.000000  0.000000 -1.034093
            9  4 289  3  1.438523    1.000000  0.000000  1.034093
            9  5 290  3  1.438523    0.000000  1.000000  1.034093
            9  6 291  3  1.438523   -1.000000  0.000000 -1.034093
            9  7 292  3  1.438523    0.000000 -1.000000 -1.034093
            9  8 293  3  1.438523    0.000000 -1.000000  1.034093
 
           10  1 294  4  1.581139    1.500000 -0.500000  0.000000
           10  2 295  4  1.581139   -1.500000  0.500000  0.000000
           10  3 296  4  1.581139   -0.500000 -1.500000  0.000000
           10  4 297  4  1.581139   -0.500000  1.500000  0.000000
           10  5 298  4  1.581139    0.500000  1.500000  0.000000
           10  6 299  4  1.581139    1.500000  0.500000  0.000000
           10  7 300  4  1.581139    0.500000 -1.500000  0.000000
           10  8 301  4  1.581139   -1.500000 -0.500000  0.000000
 
           11  1 302  2  1.586612   -1.500000  0.000000 -0.517047
           11  2 303  2  1.586612    1.500000  0.000000 -0.517047
           11  3 304  2  1.586612   -1.500000  0.000000  0.517047
           11  4 305  1  1.586612    0.000000  1.500000  0.517047
           11  5 306  1  1.586612    0.000000 -1.500000 -0.517047
           11  6 307  1  1.586612    0.000000 -1.500000  0.517047
           11  7 308  2  1.586612    1.500000  0.000000  0.517047
           11  8 309  1  1.586612    0.000000  1.500000 -0.517047
 
           12  1 310  2  1.629735    0.500000  0.000000  1.551140
           12  2 311  2  1.629735    0.500000  0.000000 -1.551140
           12  3 312  1  1.629735    0.000000  0.500000  1.551140
           12  4 313  2  1.629735   -0.500000  0.000000  1.551140
           12  5 314  1  1.629735    0.000000  0.500000 -1.551140
           12  6 315  2  1.629735   -0.500000  0.000000 -1.551140
           12  7 316  1  1.629735    0.000000 -0.500000  1.551140
           12  8 317  1  1.629735    0.000000 -0.500000 -1.551140
 
           13  1 318  3  1.751956    1.000000 -1.000000  1.034093
           13  2 319  3  1.751956   -1.000000 -1.000000  1.034093
           13  3 320  3  1.751956    1.000000  1.000000 -1.034093
           13  4 321  3  1.751956    1.000000  1.000000  1.034093
           13  5 322  3  1.751956    1.000000 -1.000000 -1.034093
           13  6 323  3  1.751956   -1.000000  1.000000  1.034093
           13  7 324  3  1.751956   -1.000000  1.000000 -1.034093
           13  8 325  3  1.751956   -1.000000 -1.000000 -1.034093
 
           14  1 326  1  1.875457   -1.000000 -1.500000 -0.517047
           14  2 327  1  1.875457   -1.000000 -1.500000  0.517047
           14  3 328  1  1.875457    1.000000 -1.500000 -0.517047
           14  4 329  1  1.875457    1.000000  1.500000 -0.517047
           14  5 330  1  1.875457    1.000000  1.500000  0.517047
           14  6 331  2  1.875457   -1.500000 -1.000000 -0.517047
           14  7 332  1  1.875457   -1.000000  1.500000 -0.517047
           14  8 333  2  1.875457    1.500000  1.000000  0.517047
           14  9 334  2  1.875457    1.500000  1.000000 -0.517047
           14 10 335  2  1.875457    1.500000 -1.000000  0.517047
           14 11 336  2  1.875457    1.500000 -1.000000 -0.517047
           14 12 337  1  1.875457    1.000000 -1.500000  0.517047
           14 13 338  2  1.875457   -1.500000  1.000000  0.517047
           14 14 339  2  1.875457   -1.500000 -1.000000  0.517047
           14 15 340  1  1.875457   -1.000000  1.500000  0.517047
           14 16 341  2  1.875457   -1.500000  1.000000 -0.517047
 
           15  1 342  4  1.889272    0.500000 -1.500000  1.034093
           15  2 343  4  1.889272   -0.500000  1.500000  1.034093
           15  3 344  4  1.889272   -1.500000 -0.500000  1.034093
           15  4 345  4  1.889272   -0.500000 -1.500000  1.034093
           15  5 346  4  1.889272   -1.500000  0.500000 -1.034093
           15  6 347  4  1.889272   -0.500000  1.500000 -1.034093
           15  7 348  4  1.889272   -0.500000 -1.500000 -1.034093
           15  8 349  4  1.889272    0.500000  1.500000 -1.034093
           15  9 350  4  1.889272    0.500000 -1.500000 -1.034093
           15 10 351  4  1.889272    0.500000  1.500000  1.034093
           15 11 352  4  1.889272    1.500000 -0.500000 -1.034093
           15 12 353  4  1.889272   -1.500000 -0.500000 -1.034093
           15 13 354  4  1.889272    1.500000 -0.500000  1.034093
           15 14 355  4  1.889272    1.500000  0.500000 -1.034093
           15 15 356  4  1.889272   -1.500000  0.500000  1.034093
           15 16 357  4  1.889272    1.500000  0.500000  1.034093

           r_max: 1.90 Number of vectors:  357. Number of shells:  15
 
           Shells of neighbours around

           IQ =  4                      QP =  0.500  0.000 -0.517


           IS IN  IR JQ     D          RPX       RPY       RPZ
 
            1  1 358  4  0.000000    0.000000  0.000000  0.000000
 
            2  1 359  3  0.707107   -0.500000 -0.500000  0.000000
            2  2 360  3  0.707107    0.500000 -0.500000  0.000000
            2  3 361  3  0.707107   -0.500000  0.500000  0.000000
            2  4 362  3  0.707107    0.500000  0.500000  0.000000
 
            3  1 363  2  0.719262    0.000000 -0.500000 -0.517047
            3  2 364  1  0.719262    0.500000  0.000000  0.517047
            3  3 365  2  0.719262    0.000000  0.500000  0.517047
            3  4 366  1  0.719262   -0.500000  0.000000 -0.517047
            3  5 367  2  0.719262    0.000000  0.500000 -0.517047
            3  6 368  1  0.719262   -0.500000  0.000000  0.517047
            3  7 369  2  0.719262    0.000000 -0.500000  0.517047
            3  8 370  1  0.719262    0.500000  0.000000 -0.517047
 
            4  1 371  4  1.000000   -1.000000  0.000000  0.000000
            4  2 372  4  1.000000    1.000000  0.000000  0.000000
            4  3 373  4  1.000000    0.000000 -1.000000  0.000000
            4  4 374  4  1.000000    0.000000  1.000000  0.000000
 
            5  1 375  4  1.034093    0.000000  0.000000  1.034093
            5  2 376  4  1.034093    0.000000  0.000000 -1.034093
 
            6  1 377  2  1.231802    1.000000  0.500000  0.517047
            6  2 378  1  1.231802    0.500000  1.000000 -0.517047
            6  3 379  1  1.231802    0.500000  1.000000  0.517047
            6  4 380  1  1.231802    0.500000 -1.000000 -0.517047
            6  5 381  2  1.231802    1.000000  0.500000 -0.517047
            6  6 382  2  1.231802    1.000000 -0.500000  0.517047
            6  7 383  2  1.231802    1.000000 -0.500000 -0.517047
            6  8 384  1  1.231802   -0.500000  1.000000  0.517047
            6  9 385  1  1.231802   -0.500000  1.000000 -0.517047
            6 10 386  1  1.231802   -0.500000 -1.000000 -0.517047
            6 11 387  1  1.231802    0.500000 -1.000000  0.517047
            6 12 388  2  1.231802   -1.000000 -0.500000 -0.517047
            6 13 389  2  1.231802   -1.000000 -0.500000  0.517047
            6 14 390  2  1.231802   -1.000000  0.500000 -0.517047
            6 15 391  2  1.231802   -1.000000  0.500000  0.517047
            6 16 392  1  1.231802   -0.500000 -1.000000  0.517047
 
            7  1 393  3  1.252737    0.500000  0.500000 -1.034093
            7  2 394  3  1.252737   -0.500000 -0.500000 -1.034093
            7  3 395  3  1.252737    0.500000 -0.500000 -1.034093
            7  4 396  3  1.252737   -0.500000  0.500000  1.034093
            7  5 397  3  1.252737    0.500000  0.500000  1.034093
            7  6 398  3  1.252737    0.500000 -0.500000  1.034093
            7  7 399  3  1.252737   -0.500000  0.500000 -1.034093
            7  8 400  3  1.252737   -0.500000 -0.500000  1.034093
 
            8  1 401  4  1.414214   -1.000000  1.000000  0.000000
            8  2 402  4  1.414214    1.000000  1.000000  0.000000
            8  3 403  4  1.414214   -1.000000 -1.000000  0.000000
            8  4 404  4  1.414214    1.000000 -1.000000  0.000000
 
            9  1 405  4  1.438523    0.000000  1.000000 -1.034093
            9  2 406  4  1.438523   -1.000000  0.000000  1.034093
            9  3 407  4  1.438523   -1.000000  0.000000 -1.034093
            9  4 408  4  1.438523    1.000000  0.000000 -1.034093
            9  5 409  4  1.438523    0.000000  1.000000  1.034093
            9  6 410  4  1.438523    0.000000 -1.000000 -1.034093
            9  7 411  4  1.438523    1.000000  0.000000  1.034093
            9  8 412  4  1.438523    0.000000 -1.000000  1.034093
 
           10  1 413  3  1.581139    0.500000  1.500000  0.000000
           10  2 414  3  1.581139   -0.500000  1.500000  0.000000
           10  3 415  3  1.581139   -1.500000 -0.500000  0.000000
           10  4 416  3  1.581139    0.500000 -1.500000  0.000000
           10  5 417  3  1.581139    1.500000 -0.500000  0.000000
           10  6 418  3  1.581139   -1.500000  0.500000  0.000000
           10  7 419  3  1.581139    1.500000  0.500000  0.000000
           10  8 420  3  1.581139   -0.500000 -1.500000  0.000000
 
           11  1 421  1  1.586612   -1.500000  0.000000 -0.517047
           11  2 422  2  1.586612    0.000000  1.500000  0.517047
           11  3 423  2  1.586612    0.000000  1.500000 -0.517047
           11  4 424  1  1.586612    1.500000  0.000000 -0.517047
           11  5 425  1  1.586612    1.500000  0.000000  0.517047
           11  6 426  2  1.586612    0.000000 -1.500000 -0.517047
           11  7 427  2  1.586612    0.000000 -1.500000  0.517047
           11  8 428  1  1.586612   -1.500000  0.000000  0.517047
 
           12  1 429  2  1.629735    0.000000 -0.500000  1.551140
           12  2 430  1  1.629735   -0.500000  0.000000 -1.551140
           12  3 431  1  1.629735    0.500000  0.000000  1.551140
           12  4 432  2  1.629735    0.000000 -0.500000 -1.551140
           12  5 433  2  1.629735    0.000000  0.500000 -1.551140
           12  6 434  2  1.629735    0.000000  0.500000  1.551140
           12  7 435  1  1.629735    0.500000  0.000000 -1.551140
           12  8 436  1  1.629735   -0.500000  0.000000  1.551140
 
           13  1 437  4  1.751956    1.000000 -1.000000  1.034093
           13  2 438  4  1.751956    1.000000 -1.000000 -1.034093
           13  3 439  4  1.751956    1.000000  1.000000 -1.034093
           13  4 440  4  1.751956   -1.000000 -1.000000  1.034093
           13  5 441  4  1.751956   -1.000000 -1.000000 -1.034093
           13  6 442  4  1.751956   -1.000000  1.000000 -1.034093
           13  7 443  4  1.751956   -1.000000  1.000000  1.034093
           13  8 444  4  1.751956    1.000000  1.000000  1.034093
 
           14  1 445  1  1.875457   -1.500000 -1.000000 -0.517047
           14  2 446  2  1.875457    1.000000  1.500000  0.517047
           14  3 447  1  1.875457   -1.500000 -1.000000  0.517047
           14  4 448  1  1.875457   -1.500000  1.000000 -0.517047
           14  5 449  1  1.875457   -1.500000  1.000000  0.517047
           14  6 450  1  1.875457    1.500000 -1.000000 -0.517047
           14  7 451  1  1.875457    1.500000 -1.000000  0.517047
           14  8 452  1  1.875457    1.500000  1.000000 -0.517047
           14  9 453  1  1.875457    1.500000  1.000000  0.517047
           14 10 454  2  1.875457   -1.000000 -1.500000 -0.517047
           14 11 455  2  1.875457   -1.000000 -1.500000  0.517047
           14 12 456  2  1.875457   -1.000000  1.500000 -0.517047
           14 13 457  2  1.875457   -1.000000  1.500000  0.517047
           14 14 458  2  1.875457    1.000000 -1.500000 -0.517047
           14 15 459  2  1.875457    1.000000 -1.500000  0.517047
           14 16 460  2  1.875457    1.000000  1.500000 -0.517047
 
           15  1 461  3  1.889272    1.500000 -0.500000  1.034093
           15  2 462  3  1.889272   -1.500000 -0.500000 -1.034093
           15  3 463  3  1.889272   -1.500000 -0.500000  1.034093
           15  4 464  3  1.889272   -1.500000  0.500000 -1.034093
           15  5 465  3  1.889272   -1.500000  0.500000  1.034093
           15  6 466  3  1.889272   -0.500000 -1.500000 -1.034093
           15  7 467  3  1.889272   -0.500000 -1.500000  1.034093
           15  8 468  3  1.889272   -0.500000  1.500000 -1.034093
           15  9 469  3  1.889272   -0.500000  1.500000  1.034093
           15 10 470  3  1.889272    0.500000 -1.500000 -1.034093
           15 11 471  3  1.889272    0.500000 -1.500000  1.034093
           15 12 472  3  1.889272    0.500000  1.500000 -1.034093
           15 13 473  3  1.889272    1.500000  0.500000  1.034093
           15 14 474  3  1.889272    0.500000  1.500000  1.034093
           15 15 475  3  1.889272    1.500000  0.500000 -1.034093
           15 16 476  3  1.889272    1.500000 -0.500000 -1.034093

           r_max: 1.90 Number of vectors:  476. Number of shells:  15

 Blatts:   IQ  =  1 NSC = 18 NVN = 12 V(t)= 0.258523 V(a)= 0.258523

           Si = 0.353553 Sc = 0.500281 WST= 0.395188 WST/WS= 1.000000

 Blatts:   IQ  =  2 NSC = 18 NVN = 12 V(t)= 0.258523 V(a)= 0.258523

           Si = 0.353553 Sc = 0.500281 WST= 0.395188 WST/WS= 1.000000

 Blatts:   IQ  =  3 NSC = 18 NVN = 12 V(t)= 0.258523 V(a)= 0.258523

           Si = 0.353553 Sc = 0.500281 WST= 0.395188 WST/WS= 1.000000

 Blatts:   IQ  =  4 NSC = 18 NVN = 12 V(t)= 0.258523 V(a)= 0.258523

           Si = 0.353553 Sc = 0.500281 WST= 0.395188 WST/WS= 1.000000

 Madl3:*** Calculate and store 3D Madelung matrices, lmax=  6

 Latt3m:   R1    =    0.7200 RA    =    2.5200 G1    =    0.0000
           GA    =   22.5000 Lamda =    2.5000


           Real space vectors:

           NO     SX        SY        SZ        D

            1  0.000000  0.000000  0.000000  0.000000

               Shell number    1 with    1 vectors

            2 -1.000000  0.000000  0.000000  1.000000
            3  0.000000 -1.000000  0.000000  1.000000
            4  0.000000  1.000000  0.000000  1.000000
            5  1.000000  0.000000  0.000000  1.000000

               Shell number    2 with    4 vectors

            6  0.000000  0.000000 -1.034093  1.034093
            7  0.000000  0.000000  1.034093  1.034093

               Shell number    3 with    2 vectors

            8 -1.000000 -1.000000  0.000000  1.414214
            9 -1.000000  1.000000  0.000000  1.414214
           10  1.000000 -1.000000  0.000000  1.414214
           11  1.000000  1.000000  0.000000  1.414214

               Shell number    4 with    4 vectors

           12 -1.000000  0.000000 -1.034093  1.438523
           13 -1.000000  0.000000  1.034093  1.438523
           14  0.000000 -1.000000 -1.034093  1.438523
           15  0.000000 -1.000000  1.034093  1.438523
           16  0.000000  1.000000 -1.034093  1.438523
           17  0.000000  1.000000  1.034093  1.438523
           18  1.000000  0.000000 -1.034093  1.438523
           19  1.000000  0.000000  1.034093  1.438523

               Shell number    5 with    8 vectors

           20 -1.000000 -1.000000 -1.034093  1.751956
           21 -1.000000 -1.000000  1.034093  1.751956
           22 -1.000000  1.000000 -1.034093  1.751956
           23 -1.000000  1.000000  1.034093  1.751956
           24  1.000000 -1.000000 -1.034093  1.751956
           25  1.000000 -1.000000  1.034093  1.751956
           26  1.000000  1.000000 -1.034093  1.751956
           27  1.000000  1.000000  1.034093  1.751956

               Shell number    6 with    8 vectors

           28 -2.000000  0.000000  0.000000  2.000000
           29  0.000000 -2.000000  0.000000  2.000000
           30  0.000000  2.000000  0.000000  2.000000
           31  2.000000  0.000000  0.000000  2.000000

               Shell number    7 with    4 vectors

           32  0.000000  0.000000 -2.068187  2.068187
           33  0.000000  0.000000  2.068187  2.068187

               Shell number    8 with    2 vectors

           34 -2.000000 -1.000000  0.000000  2.236068
           35 -2.000000  1.000000  0.000000  2.236068
           36 -1.000000 -2.000000  0.000000  2.236068
           37 -1.000000  2.000000  0.000000  2.236068
           38  1.000000 -2.000000  0.000000  2.236068
           39  1.000000  2.000000  0.000000  2.236068
           40  2.000000 -1.000000  0.000000  2.236068
           41  2.000000  1.000000  0.000000  2.236068

               Shell number    9 with    8 vectors

           42 -2.000000  0.000000 -1.034093  2.251521
           43 -2.000000  0.000000  1.034093  2.251521
           44  0.000000 -2.000000 -1.034093  2.251521
           45  0.000000 -2.000000  1.034093  2.251521
           46  0.000000  2.000000 -1.034093  2.251521
           47  0.000000  2.000000  1.034093  2.251521
           48  2.000000  0.000000 -1.034093  2.251521
           49  2.000000  0.000000  1.034093  2.251521

               Shell number   10 with    8 vectors

           50 -1.000000  0.000000 -2.068187  2.297258
           51 -1.000000  0.000000  2.068187  2.297258
           52  0.000000 -1.000000 -2.068187  2.297258
           53  0.000000 -1.000000  2.068187  2.297258
           54  0.000000  1.000000 -2.068187  2.297258
           55  0.000000  1.000000  2.068187  2.297258
           56  1.000000  0.000000 -2.068187  2.297258
           57  1.000000  0.000000  2.068187  2.297258

               Shell number   11 with    8 vectors

           58 -2.000000 -1.000000 -1.034093  2.463605
           59 -2.000000 -1.000000  1.034093  2.463605
           60 -2.000000  1.000000 -1.034093  2.463605
           61 -2.000000  1.000000  1.034093  2.463605
           62 -1.000000 -2.000000 -1.034093  2.463605
           63 -1.000000 -2.000000  1.034093  2.463605
           64 -1.000000  2.000000 -1.034093  2.463605
           65 -1.000000  2.000000  1.034093  2.463605
           66  1.000000 -2.000000 -1.034093  2.463605
           67  1.000000 -2.000000  1.034093  2.463605
           68  1.000000  2.000000 -1.034093  2.463605
           69  1.000000  2.000000  1.034093  2.463605
           70  2.000000 -1.000000 -1.034093  2.463605
           71  2.000000 -1.000000  1.034093  2.463605
           72  2.000000  1.000000 -1.034093  2.463605
           73  2.000000  1.000000  1.034093  2.463605

               Shell number   12 with   16 vectors

           74 -1.000000 -1.000000 -2.068187  2.505473
           75 -1.000000 -1.000000  2.068187  2.505473
           76 -1.000000  1.000000 -2.068187  2.505473
           77 -1.000000  1.000000  2.068187  2.505473
           78  1.000000 -1.000000 -2.068187  2.505473
           79  1.000000 -1.000000  2.068187  2.505473
           80  1.000000  1.000000 -2.068187  2.505473
           81  1.000000  1.000000  2.068187  2.505473

               Shell number   13 with    8 vectors


           Reciprocal space vectors

           NO     KX        KY        KZ        D

            1  0.000000  0.000000  0.000000  0.000000

               Shell number    1 with    1 vectors

            2  0.000000  0.000000 -6.076034  6.076034
            2  0.000000  0.000000 -6.076034  6.076034
            3  0.000000  0.000000  6.076034  6.076034

               Shell number    2 with    1 vectors

            4 -6.283185  0.000000  0.000000  6.283185
            4 -6.283185  0.000000  0.000000  6.283185
            5  0.000000 -6.283185  0.000000  6.283185
            6  0.000000  6.283185  0.000000  6.283185
            7  6.283185  0.000000  0.000000  6.283185

               Shell number    3 with    1 vectors

            8 -6.283185  0.000000 -6.076034  8.740515
            8 -6.283185  0.000000 -6.076034  8.740515
            9 -6.283185  0.000000  6.076034  8.740515
           10  0.000000 -6.283185 -6.076034  8.740515
           11  0.000000 -6.283185  6.076034  8.740515
           12  0.000000  6.283185 -6.076034  8.740515
           13  0.000000  6.283185  6.076034  8.740515
           14  6.283185  0.000000 -6.076034  8.740515
           15  6.283185  0.000000  6.076034  8.740515

               Shell number    4 with    1 vectors

           16 -6.283185 -6.283185  0.000000  8.885766
           16 -6.283185 -6.283185  0.000000  8.885766
           17 -6.283185  6.283185  0.000000  8.885766
           18  6.283185 -6.283185  0.000000  8.885766
           19  6.283185  6.283185  0.000000  8.885766

               Shell number    5 with    1 vectors

           20 -6.283185 -6.283185 -6.076034 10.764526
           20 -6.283185 -6.283185 -6.076034 10.764526
           21 -6.283185 -6.283185  6.076034 10.764526
           22 -6.283185  6.283185 -6.076034 10.764526
           23 -6.283185  6.283185  6.076034 10.764526
           24  6.283185 -6.283185 -6.076034 10.764526
           25  6.283185 -6.283185  6.076034 10.764526
           26  6.283185  6.283185 -6.076034 10.764526
           27  6.283185  6.283185  6.076034 10.764526

               Shell number    6 with    1 vectors

           28  0.000000  0.000000-12.152067 12.152067
           28  0.000000  0.000000-12.152067 12.152067
           29  0.000000  0.000000 12.152067 12.152067

               Shell number    7 with    1 vectors

           30-12.566371  0.000000  0.000000 12.566371
           30-12.566371  0.000000  0.000000 12.566371
           31  0.000000-12.566371  0.000000 12.566371
           32  0.000000 12.566371  0.000000 12.566371
           33 12.566371  0.000000  0.000000 12.566371

               Shell number    8 with    1 vectors

           34 -6.283185  0.000000-12.152067 13.680320
           34 -6.283185  0.000000-12.152067 13.680320
           35 -6.283185  0.000000 12.152067 13.680320
           36  0.000000 -6.283185-12.152067 13.680320
           37  0.000000 -6.283185 12.152067 13.680320
           38  0.000000  6.283185-12.152067 13.680320
           39  0.000000  6.283185 12.152067 13.680320
           40  6.283185  0.000000-12.152067 13.680320
           41  6.283185  0.000000 12.152067 13.680320

               Shell number    9 with    1 vectors

           42-12.566371  0.000000 -6.076034 13.958218
           42-12.566371  0.000000 -6.076034 13.958218
           43-12.566371  0.000000  6.076034 13.958218
           44  0.000000-12.566371 -6.076034 13.958218
           45  0.000000-12.566371  6.076034 13.958218
           46  0.000000 12.566371 -6.076034 13.958218
           47  0.000000 12.566371  6.076034 13.958218
           48 12.566371  0.000000 -6.076034 13.958218
           49 12.566371  0.000000  6.076034 13.958218

               Shell number   10 with    1 vectors

           50-12.566371 -6.283185  0.000000 14.049629
           50-12.566371 -6.283185  0.000000 14.049629
           51-12.566371  6.283185  0.000000 14.049629
           52 -6.283185-12.566371  0.000000 14.049629
           53 -6.283185 12.566371  0.000000 14.049629
           54  6.283185-12.566371  0.000000 14.049629
           55  6.283185 12.566371  0.000000 14.049629
           56 12.566371 -6.283185  0.000000 14.049629
           57 12.566371  6.283185  0.000000 14.049629

               Shell number   11 with    1 vectors

           58 -6.283185 -6.283185-12.152067 15.054221
           58 -6.283185 -6.283185-12.152067 15.054221
           59 -6.283185 -6.283185 12.152067 15.054221
           60 -6.283185  6.283185-12.152067 15.054221
           61 -6.283185  6.283185 12.152067 15.054221
           62  6.283185 -6.283185-12.152067 15.054221
           63  6.283185 -6.283185 12.152067 15.054221
           64  6.283185  6.283185-12.152067 15.054221
           65  6.283185  6.283185 12.152067 15.054221

               Shell number   12 with    1 vectors

           66-12.566371 -6.283185 -6.076034 15.307197
           66-12.566371 -6.283185 -6.076034 15.307197
           67-12.566371 -6.283185  6.076034 15.307197
           68-12.566371  6.283185 -6.076034 15.307197
           69-12.566371  6.283185  6.076034 15.307197
           70 -6.283185-12.566371 -6.076034 15.307197
           71 -6.283185-12.566371  6.076034 15.307197
           72 -6.283185 12.566371 -6.076034 15.307197
           73 -6.283185 12.566371  6.076034 15.307197
           74  6.283185-12.566371 -6.076034 15.307197
           75  6.283185-12.566371  6.076034 15.307197
           76  6.283185 12.566371 -6.076034 15.307197
           77  6.283185 12.566371  6.076034 15.307197
           78 12.566371 -6.283185 -6.076034 15.307197
           79 12.566371 -6.283185  6.076034 15.307197
           80 12.566371  6.283185 -6.076034 15.307197
           81 12.566371  6.283185  6.076034 15.307197

               Shell number   13 with    1 vectors

           82-12.566371  0.000000-12.152067 17.481030
           82-12.566371  0.000000-12.152067 17.481030
           83-12.566371  0.000000 12.152067 17.481030
           84  0.000000-12.566371-12.152067 17.481030
           85  0.000000-12.566371 12.152067 17.481030
           86  0.000000 12.566371-12.152067 17.481030
           87  0.000000 12.566371 12.152067 17.481030
           88 12.566371  0.000000-12.152067 17.481030
           89 12.566371  0.000000 12.152067 17.481030

               Shell number   14 with    1 vectors

           90-12.566371-12.566371  0.000000 17.771532
           90-12.566371-12.566371  0.000000 17.771532
           91-12.566371 12.566371  0.000000 17.771532
           92 12.566371-12.566371  0.000000 17.771532
           93 12.566371 12.566371  0.000000 17.771532

               Shell number   15 with    1 vectors

           94  0.000000  0.000000-18.228101 18.228101
           94  0.000000  0.000000-18.228101 18.228101
           95  0.000000  0.000000 18.228101 18.228101

               Shell number   16 with    1 vectors

           96-12.566371 -6.283185-12.152067 18.575920
           96-12.566371 -6.283185-12.152067 18.575920
           97-12.566371 -6.283185 12.152067 18.575920
           98-12.566371  6.283185-12.152067 18.575920
           99-12.566371  6.283185 12.152067 18.575920
          100 -6.283185-12.566371-12.152067 18.575920
          101 -6.283185-12.566371 12.152067 18.575920
          102 -6.283185 12.566371-12.152067 18.575920
          103 -6.283185 12.566371 12.152067 18.575920
          104  6.283185-12.566371-12.152067 18.575920
          105  6.283185-12.566371 12.152067 18.575920
          106  6.283185 12.566371-12.152067 18.575920
          107  6.283185 12.566371 12.152067 18.575920
          108 12.566371 -6.283185-12.152067 18.575920
          109 12.566371 -6.283185 12.152067 18.575920
          110 12.566371  6.283185-12.152067 18.575920
          111 12.566371  6.283185 12.152067 18.575920

               Shell number   17 with    1 vectors

          112-12.566371-12.566371 -6.076034 18.781521
          112-12.566371-12.566371 -6.076034 18.781521
          113-12.566371-12.566371  6.076034 18.781521
          114-12.566371 12.566371 -6.076034 18.781521
          115-12.566371 12.566371  6.076034 18.781521
          116 12.566371-12.566371 -6.076034 18.781521
          117 12.566371-12.566371  6.076034 18.781521
          118 12.566371 12.566371 -6.076034 18.781521
          119 12.566371 12.566371  6.076034 18.781521

               Shell number   18 with    1 vectors

          120-18.849556  0.000000  0.000000 18.849556
          120-18.849556  0.000000  0.000000 18.849556
          121  0.000000-18.849556  0.000000 18.849556
          122  0.000000 18.849556  0.000000 18.849556
          123 18.849556  0.000000  0.000000 18.849556

               Shell number   19 with    1 vectors

          124 -6.283185  0.000000-18.228101 19.280614
          124 -6.283185  0.000000-18.228101 19.280614
          125 -6.283185  0.000000 18.228101 19.280614
          126  0.000000 -6.283185-18.228101 19.280614
          127  0.000000 -6.283185 18.228101 19.280614
          128  0.000000  6.283185-18.228101 19.280614
          129  0.000000  6.283185 18.228101 19.280614
          130  6.283185  0.000000-18.228101 19.280614
          131  6.283185  0.000000 18.228101 19.280614

               Shell number   20 with    1 vectors

          132-18.849556  0.000000 -6.076034 19.804644
          132-18.849556  0.000000 -6.076034 19.804644
          133-18.849556  0.000000  6.076034 19.804644
          134  0.000000-18.849556 -6.076034 19.804644
          135  0.000000-18.849556  6.076034 19.804644
          136  0.000000 18.849556 -6.076034 19.804644
          137  0.000000 18.849556  6.076034 19.804644
          138 18.849556  0.000000 -6.076034 19.804644
          139 18.849556  0.000000  6.076034 19.804644

               Shell number   21 with    1 vectors

          140-18.849556 -6.283185  0.000000 19.869177
          140-18.849556 -6.283185  0.000000 19.869177
          141-18.849556  6.283185  0.000000 19.869177
          142 -6.283185-18.849556  0.000000 19.869177
          143 -6.283185 18.849556  0.000000 19.869177
          144  6.283185-18.849556  0.000000 19.869177
          145  6.283185 18.849556  0.000000 19.869177
          146 18.849556 -6.283185  0.000000 19.869177
          147 18.849556  6.283185  0.000000 19.869177

               Shell number   22 with    1 vectors

          148 -6.283185 -6.283185-18.228101 20.278572
          148 -6.283185 -6.283185-18.228101 20.278572
          149 -6.283185 -6.283185 18.228101 20.278572
          150 -6.283185  6.283185-18.228101 20.278572
          151 -6.283185  6.283185 18.228101 20.278572
          152  6.283185 -6.283185-18.228101 20.278572
          153  6.283185 -6.283185 18.228101 20.278572
          154  6.283185  6.283185-18.228101 20.278572
          155  6.283185  6.283185 18.228101 20.278572

               Shell number   23 with    1 vectors

          156-18.849556 -6.283185 -6.076034 20.777448
          156-18.849556 -6.283185 -6.076034 20.777448
          157-18.849556 -6.283185  6.076034 20.777448
          158-18.849556  6.283185 -6.076034 20.777448
          159-18.849556  6.283185  6.076034 20.777448
          160 -6.283185-18.849556 -6.076034 20.777448
          161 -6.283185-18.849556  6.076034 20.777448
          162 -6.283185 18.849556 -6.076034 20.777448
          163 -6.283185 18.849556  6.076034 20.777448
          164  6.283185-18.849556 -6.076034 20.777448
          165  6.283185-18.849556  6.076034 20.777448
          166  6.283185 18.849556 -6.076034 20.777448
          167  6.283185 18.849556  6.076034 20.777448
          168 18.849556 -6.283185 -6.076034 20.777448
          169 18.849556 -6.283185  6.076034 20.777448
          170 18.849556  6.283185 -6.076034 20.777448
          171 18.849556  6.283185  6.076034 20.777448

               Shell number   24 with    1 vectors

          172-12.566371-12.566371-12.152067 21.529052
          172-12.566371-12.566371-12.152067 21.529052
          173-12.566371-12.566371 12.152067 21.529052
          174-12.566371 12.566371-12.152067 21.529052
          175-12.566371 12.566371 12.152067 21.529052
          176 12.566371-12.566371-12.152067 21.529052
          177 12.566371-12.566371 12.152067 21.529052
          178 12.566371 12.566371-12.152067 21.529052
          179 12.566371 12.566371 12.152067 21.529052

               Shell number   25 with    1 vectors

          180-12.566371  0.000000-18.228101 22.139949
          180-12.566371  0.000000-18.228101 22.139949
          181-12.566371  0.000000 18.228101 22.139949
          182  0.000000-12.566371-18.228101 22.139949
          183  0.000000-12.566371 18.228101 22.139949
          184  0.000000 12.566371-18.228101 22.139949
          185  0.000000 12.566371 18.228101 22.139949
          186 12.566371  0.000000-18.228101 22.139949
          187 12.566371  0.000000 18.228101 22.139949

               Shell number   26 with    1 vectors

          188-18.849556  0.000000-12.152067 22.427182
          188-18.849556  0.000000-12.152067 22.427182
          189-18.849556  0.000000 12.152067 22.427182
          190  0.000000-18.849556-12.152067 22.427182
          191  0.000000-18.849556 12.152067 22.427182
          192  0.000000 18.849556-12.152067 22.427182
          193  0.000000 18.849556 12.152067 22.427182
          194 18.849556  0.000000-12.152067 22.427182
          195 18.849556  0.000000 12.152067 22.427182

               Shell number   27 with    1 vectors


           NUMR  =  7 NUMG  =  9 NUMVR = 81 NUMVG =195

 Madl3d:   Madelung constant with compensating background:

           CMDL =   1.79170967

           Madelung monopole potential(s):


            -2.21676512 -0.43007200 -0.46829111 -0.46829111
            -0.43007200 -2.21676512 -0.46829111 -0.46829111
            -0.46829111 -0.46829111 -2.21676512 -0.43007200
            -0.46829111 -0.46829111 -0.43007200 -2.21676512

 Madl3:*** End of Madelung calculation

 Screen:   Hard sphere radii in units of ws:

           site         s       p       d
 
             1     0.7000  0.7000  0.7000
             2     0.7000  0.7000  0.7000
             3     0.7000  0.7000  0.7000
             4     0.7000  0.7000  0.7000

 Trmtrx:   IQ  l      t1           t2           t3           t4

            1  0   0.00000000   2.00000000   0.70000000  -2.00000000
            1  1   0.16333333   5.71428571   0.16333333  -2.85714286
            1  2   0.13720000  12.24489796   0.06860000  -4.08163265
            2  0   0.00000000   2.00000000   0.70000000  -2.00000000
            2  1   0.16333333   5.71428571   0.16333333  -2.85714286
            2  2   0.13720000  12.24489796   0.06860000  -4.08163265
            3  0   0.00000000   2.00000000   0.70000000  -2.00000000
            3  1   0.16333333   5.71428571   0.16333333  -2.85714286
            3  2   0.13720000  12.24489796   0.06860000  -4.08163265
            4  0   0.00000000   2.00000000   0.70000000  -2.00000000
            4  1   0.16333333   5.71428571   0.16333333  -2.85714286
            4  2   0.13720000  12.24489796   0.06860000  -4.08163265

 Trmtrx:   IQ  l      t1dot        t2dot        t3dot        t4dot

            1  0  -0.11433333   0.49000000  -0.05716667   0.49000000
            1  1  -0.02401000   0.00000000  -0.00800333  -0.70000000
            1  2  -0.00960400   0.33333333  -0.00240100  -0.33333333
            2  0  -0.11433333   0.49000000  -0.05716667   0.49000000
            2  1  -0.02401000   0.00000000  -0.00800333  -0.70000000
            2  2  -0.00960400   0.33333333  -0.00240100  -0.33333333
            3  0  -0.11433333   0.49000000  -0.05716667   0.49000000
            3  1  -0.02401000   0.00000000  -0.00800333  -0.70000000
            3  2  -0.00960400   0.33333333  -0.00240100  -0.33333333
            4  0  -0.11433333   0.49000000  -0.05716667   0.49000000
            4  1  -0.02401000   0.00000000  -0.00800333  -0.70000000
            4  2  -0.00960400   0.33333333  -0.00240100  -0.33333333

            1  0   0.01120467  -0.12005000   0.00280117  -0.04001667
            1  1   0.00140058   0.34300000   0.00028012   0.17150000
            1  2   0.00039216  -0.08166667   0.00006536  -0.08166667
            2  0   0.01120467  -0.12005000   0.00280117  -0.04001667
            2  1   0.00140058   0.34300000   0.00028012   0.17150000
            2  2   0.00039216  -0.08166667   0.00006536  -0.08166667
            3  0   0.01120467  -0.12005000   0.00280117  -0.04001667
            3  1   0.00140058   0.34300000   0.00028012   0.17150000
            3  2   0.00039216  -0.08166667   0.00006536  -0.08166667
            4  0   0.01120467  -0.12005000   0.00280117  -0.04001667
            4  1   0.00140058   0.34300000   0.00028012   0.17150000
            4  2   0.00039216  -0.08166667   0.00006536  -0.08166667

            1  0  -0.00058825   0.00980408  -0.00009804   0.00196082
            1  1  -0.00005338  -0.05602333  -0.00000763  -0.01400583
            1  2  -0.00001165   0.06002500  -0.00000146   0.02000833
            2  0  -0.00058825   0.00980408  -0.00009804   0.00196082
            2  1  -0.00005338  -0.05602333  -0.00000763  -0.01400583
            2  2  -0.00001165   0.06002500  -0.00000146   0.02000833
            3  0  -0.00058825   0.00980408  -0.00009804   0.00196082
            3  1  -0.00005338  -0.05602333  -0.00000763  -0.01400583
            3  2  -0.00001165   0.06002500  -0.00000146   0.02000833
            4  0  -0.00058825   0.00980408  -0.00009804   0.00196082
            4  1  -0.00005338  -0.05602333  -0.00000763  -0.01400583
            4  2  -0.00001165   0.06002500  -0.00000146   0.02000833

            1  0   0.00002135  -0.00048040   0.00000267  -0.00006863
            1  1   0.00000153   0.00411772   0.00000017   0.00068629
            1  2   0.00000027  -0.00817007   0.00000003  -0.00163401
            2  0   0.00002135  -0.00048040   0.00000267  -0.00006863
            2  1   0.00000153   0.00411772   0.00000017   0.00068629
            2  2   0.00000027  -0.00817007   0.00000003  -0.00163401
            3  0   0.00002135  -0.00048040   0.00000267  -0.00006863
            3  1   0.00000153   0.00411772   0.00000017   0.00068629
            3  2   0.00000027  -0.00817007   0.00000003  -0.00163401
            4  0   0.00002135  -0.00048040   0.00000267  -0.00006863
            4  1   0.00000153   0.00411772   0.00000017   0.00068629
            4  2   0.00000027  -0.00817007   0.00000003  -0.00163401

            1  0  -0.00000059   0.00001681  -0.00000006   0.00000187
            1  1  -0.00000004  -0.00019216  -0.00000000  -0.00002402
            1  2  -0.00000001   0.00056047  -0.00000000   0.00008007
            2  0  -0.00000059   0.00001681  -0.00000006   0.00000187
            2  1  -0.00000004  -0.00019216  -0.00000000  -0.00002402
            2  2  -0.00000001   0.00056047  -0.00000000   0.00008007
            3  0  -0.00000059   0.00001681  -0.00000006   0.00000187
            3  1  -0.00000004  -0.00019216  -0.00000000  -0.00002402
            3  2  -0.00000001   0.00056047  -0.00000000   0.00008007
            4  0  -0.00000059   0.00001681  -0.00000006   0.00000187
            4  1  -0.00000004  -0.00019216  -0.00000000  -0.00002402
            4  2  -0.00000001   0.00056047  -0.00000000   0.00008007

            1  0   0.00000001  -0.00000046   0.00000000  -0.00000004
            1  1   0.00000000   0.00000654   0.00000000   0.00000065
            1  2   0.00000000  -0.00002522   0.00000000  -0.00000280
            2  0   0.00000001  -0.00000046   0.00000000  -0.00000004
            2  1   0.00000000   0.00000654   0.00000000   0.00000065
            2  2   0.00000000  -0.00002522   0.00000000  -0.00000280
            3  0   0.00000001  -0.00000046   0.00000000  -0.00000004
            3  1   0.00000000   0.00000654   0.00000000   0.00000065
            3  2   0.00000000  -0.00002522   0.00000000  -0.00000280
            4  0   0.00000001  -0.00000046   0.00000000  -0.00000004
            4  1   0.00000000   0.00000654   0.00000000   0.00000065
            4  2   0.00000000  -0.00002522   0.00000000  -0.00000280


 Trwats:   IQ L  RWATS/WS     Screening constants of the Watson orbitals

            1 0  5.581  0.3584    -3.7205-0.2E+2-0.1E+3-0.2E+04-0.3E+05-0.5E+06
            1 1  5.581  0.0345     0.6451-0.5E+1-0.1E+2-0.7E+02-0.5E+03-0.5E+04
            1 2  5.581  0.0018     0.0137 0.2E+0-0.1E+1-0.2E+01-0.9E+01-0.5E+02
            1 3  5.581  0.0001     0.0004 0.3E-2 0.3E-1-0.1E+00-0.2E+00-0.8E+00
            1 4  5.581  0.0000     0.0000 0.5E-4 0.3E-3 0.3E-02-0.1E-01-0.2E-01
            1 5  5.581  0.0000     0.0000 0.1E-5 0.5E-5 0.2E-04 0.2E-03-0.8E-03
            1 6  5.581  0.0000     0.0000 0.3E-7 0.1E-6 0.3E-06 0.2E-05 0.1E-04
            1 7  5.581  0.0000     0.0000 0.9E-9 0.2E-8 0.6E-08 0.2E-07 0.8E-07
            1 8  5.581  0.0000     0.0000************** 0.1E-09 0.3E-09 0.9E-09
            2 0  5.581  0.3584    -3.7205-0.2E+2-0.1E+3-0.2E+04-0.3E+05-0.5E+06
            2 1  5.581  0.0345     0.6451-0.5E+1-0.1E+2-0.7E+02-0.5E+03-0.5E+04
            2 2  5.581  0.0018     0.0137 0.2E+0-0.1E+1-0.2E+01-0.9E+01-0.5E+02
            2 3  5.581  0.0001     0.0004 0.3E-2 0.3E-1-0.1E+00-0.2E+00-0.8E+00
            2 4  5.581  0.0000     0.0000 0.5E-4 0.3E-3 0.3E-02-0.1E-01-0.2E-01
            2 5  5.581  0.0000     0.0000 0.1E-5 0.5E-5 0.2E-04 0.2E-03-0.8E-03
            2 6  5.581  0.0000     0.0000 0.3E-7 0.1E-6 0.3E-06 0.2E-05 0.1E-04
            2 7  5.581  0.0000     0.0000 0.9E-9 0.2E-8 0.6E-08 0.2E-07 0.8E-07
            2 8  5.581  0.0000     0.0000************** 0.1E-09 0.3E-09 0.9E-09
            3 0  5.581  0.3584    -3.7205-0.2E+2-0.1E+3-0.2E+04-0.3E+05-0.5E+06
            3 1  5.581  0.0345     0.6451-0.5E+1-0.1E+2-0.7E+02-0.5E+03-0.5E+04
            3 2  5.581  0.0018     0.0137 0.2E+0-0.1E+1-0.2E+01-0.9E+01-0.5E+02
            3 3  5.581  0.0001     0.0004 0.3E-2 0.3E-1-0.1E+00-0.2E+00-0.8E+00
            3 4  5.581  0.0000     0.0000 0.5E-4 0.3E-3 0.3E-02-0.1E-01-0.2E-01
            3 5  5.581  0.0000     0.0000 0.1E-5 0.5E-5 0.2E-04 0.2E-03-0.8E-03
            3 6  5.581  0.0000     0.0000 0.3E-7 0.1E-6 0.3E-06 0.2E-05 0.1E-04
            3 7  5.581  0.0000     0.0000 0.9E-9 0.2E-8 0.6E-08 0.2E-07 0.8E-07
            3 8  5.581  0.0000     0.0000************** 0.1E-09 0.3E-09 0.9E-09
            4 0  5.581  0.3584    -3.7205-0.2E+2-0.1E+3-0.2E+04-0.3E+05-0.5E+06
            4 1  5.581  0.0345     0.6451-0.5E+1-0.1E+2-0.7E+02-0.5E+03-0.5E+04
            4 2  5.581  0.0018     0.0137 0.2E+0-0.1E+1-0.2E+01-0.9E+01-0.5E+02
            4 3  5.581  0.0001     0.0004 0.3E-2 0.3E-1-0.1E+00-0.2E+00-0.8E+00
            4 4  5.581  0.0000     0.0000 0.5E-4 0.3E-3 0.3E-02-0.1E-01-0.2E-01
            4 5  5.581  0.0000     0.0000 0.1E-5 0.5E-5 0.2E-04 0.2E-03-0.8E-03
            4 6  5.581  0.0000     0.0000 0.3E-7 0.1E-6 0.3E-06 0.2E-05 0.1E-04
            4 7  5.581  0.0000     0.0000 0.9E-9 0.2E-8 0.6E-08 0.2E-07 0.8E-07
            4 8  5.581  0.0000     0.0000************** 0.1E-09 0.3E-09 0.9E-09

 Mgaunt:   NGAUNT =  2292 NGAUNTW =  2358
 Storel:   Store crystal data, cmode = KSTR
